Heating 28.609075 72.972973 26.356822 79.279279 4 6.000000
48 50 43 64
0.0 0.000000 0.000000 0.000000 -0.000000 -0.000000 0.000000 0.000000 0.000000 0.000000 0.000000 0.000000 -0.000000 0.000000
1.0 0.003102 0.001282 0.252012 -0.000955 0.145832 0.001131 -0.000509 0.000721 -0.001203 0.000636 0.000506 -0.000046 -0.048243
2.0 0.008247 0.005729 0.292108 -0.003140 0.123813 0.002338 -0.000430 0.002307 -0.001231 0.002272 0.000473 -0.000758 -0.094719
3.0 0.013285 0.011005 0.261852 -0.005198 0.123363 0.003759 0.000017 0.003605 -0.000887 0.004142 0.000370 -0.000793 -0.086700
4.0 0.018619 0.014896 0.246016 -0.007378 0.133187 0.005934 0.000141 0.004858 -0.001283 0.005491 -0.000245 -0.000629 -0.091555
5.0 0.024644 0.018690 0.257790 -0.009845 0.153091 0.008920 -0.000039 0.006553 -0.002120 0.006110 -0.000734 -0.000585 -0.102511
6.0 0.031728 0.023334 0.294681 -0.013378 0.181099 0.012347 -0.000254 0.008889 -0.003034 0.006586 -0.001201 -0.000624 -0.119225
7.0 0.039876 0.029067 0.339116 -0.018722 0.203642 0.015931 -0.000424 0.011825 -0.003835 0.007397 -0.001827 -0.000593 -0.136729
8.0 0.048762 0.035320 0.378091 -0.025007 0.219838 0.018981 -0.000430 0.015341 -0.004369 0.008210 -0.002415 -0.000739 -0.150309
9.0 0.058140 0.041165 0.420047 -0.032819 0.232521 0.021424 -0.000293 0.019388 -0.004650 0.008298 -0.003002 -0.001112 -0.159559
10.0 0.067941 0.047447 0.458177 -0.041752 0.249460 0.023363 -0.000151 0.023943 -0.004863 0.008879 -0.003723 -0.001671 -0.168213
11.0 0.078304 0.053883 0.493573 -0.052474 0.270747 0.024989 0.000001 0.028910 -0.005093 0.009787 -0.004713 -0.002541 -0.178647
12.0 0.089277 0.060758 0.527714 -0.064572 0.293889 0.026585 0.000173 0.034164 -0.005356 0.011091 -0.005898 -0.003663 -0.190231
13.0 0.100891 0.068166 0.562441 -0.077846 0.318840 0.028515 0.000315 0.039572 -0.005705 0.012593 -0.007124 -0.005017 -0.202360
14.0 0.113144 0.076480 0.594986 -0.092471 0.343811 0.031185 0.000332 0.045024 -0.006164 0.014323 -0.008220 -0.006625 -0.214647
15.0 0.126059 0.085788 0.626461 -0.107167 0.369685 0.034945 0.000136 0.050473 -0.006733 0.016031 -0.009064 -0.008501 -0.227184
16.0 0.139699 0.096365 0.658668 -0.122985 0.397732 0.040086 -0.000296 0.055856 -0.007384 0.017740 -0.009638 -0.010629 -0.241023
17.0 0.154178 0.108294 0.693114 -0.138542 0.427637 0.046847 -0.000999 0.061162 -0.008078 0.019486 -0.010124 -0.012922 -0.256643
18.0 0.169611 0.121530 0.728543 -0.154506 0.459303 0.055326 -0.002005 0.066450 -0.008769 0.021236 -0.010707 -0.015236 -0.274314
19.0 0.185998 0.135374 0.759733 -0.171993 0.488438 0.065200 -0.003276 0.071780 -0.009436 0.022412 -0.011306 -0.017549 -0.291583
20.0 0.203171 0.149417 0.781051 -0.187546 0.511864 0.075703 -0.004681 0.077117 -0.010028 0.023133 -0.011827 -0.020044 -0.306601
21.0 0.220952 0.164147 0.801871 -0.201593 0.531627 0.086624 -0.006220 0.082395 -0.010423 0.024320 -0.012549 -0.022526 -0.320422
22.0 0.239257 0.179466 0.828342 -0.218519 0.550413 0.098043 -0.007964 0.087548 -0.010649 0.025981 -0.013494 -0.024585 -0.332777
23.0 0.258100 0.195127 0.858469 -0.233280 0.569014 0.110048 -0.009903 0.092499 -0.010811 0.027953 -0.014660 -0.026247 -0.344952
24.0 0.277421 0.210827 0.888253 -0.252289 0.585572 0.122748 -0.012057 0.097261 -0.010962 0.029866 -0.016028 -0.027667 -0.355957
25.0 0.297098 0.226329 0.914600 -0.268905 0.598950 0.136066 -0.014448 0.101819 -0.011158 0.031508 -0.017458 -0.029024 -0.364481
26.0 0.317005 0.241578 0.937397 -0.286177 0.610079 0.149933 -0.017070 0.106060 -0.011423 0.032923 -0.018845 -0.030484 -0.371914
27.0 0.337096 0.256591 0.959875 -0.302627 0.621468 0.164463 -0.019940 0.109866 -0.011805 0.034186 -0.020179 -0.032000 -0.378491
28.0 0.357410 0.271364 0.984071 -0.318248 0.634468 0.179779 -0.023084 0.113159 -0.012355 0.035346 -0.021481 -0.033449 -0.386268
29.0 0.377995 0.285839 1.009843 -0.334268 0.648905 0.195927 -0.026515 0.115903 -0.013137 0.036413 -0.022753 -0.034744 -0.395257
30.0 0.398884 0.299879 1.036362 -0.351750 0.664240 0.212812 -0.030217 0.118082 -0.014207 0.037344 -0.023936 -0.035826 -0.404021
31.0 0.420093 0.313249 1.062587 -0.369457 0.679945 0.230206 -0.034148 0.119683 -0.015617 0.038113 -0.024988 -0.036682 -0.412129
32.0 0.441605 0.325564 1.047014 -0.383190 0.695412 0.247739 -0.038251 0.120691 -0.017412 0.038714 -0.025917 -0.037230 -0.421710
33.0 0.455634 0.317246 0.505823 -0.370680 0.353300 0.240571 -0.035396 0.113829 -0.022009 0.054304 -0.034053 -0.062069 -0.306940
34.0 0.453022 0.276658 0.179664 -0.345302 -0.026210 0.232768 -0.039370 0.108509 -0.021621 0.029406 -0.033033 -0.073440 -0.055650
35.0 0.441208 0.256332 0.086265 -0.334122 -0.111612 0.231111 -0.042059 0.103125 -0.019789 0.014080 -0.030137 -0.056010 0.112337
36.0 0.428887 0.243890 0.105545 -0.328602 -0.090744 0.230240 -0.042857 0.096205 -0.019274 0.006065 -0.026489 -0.041422 0.132577
37.0 0.418850 0.237784 0.163741 -0.318987 -0.027919 0.227557 -0.043140 0.088695 -0.020080 0.007942 -0.023190 -0.029769 0.097594
38.0 0.412185 0.232109 0.207874 -0.312471 0.034530 0.223368 -0.042905 0.080902 -0.021424 0.014209 -0.022041 -0.020637 0.049357
39.0 0.408021 0.220016 0.215747 -0.304557 0.076558 0.218333 -0.041874 0.072843 -0.023368 0.016415 -0.022334 -0.015940 0.011888
40.0 0.405273 0.205200 0.219667 -0.298059 0.105982 0.214882 -0.040757 0.064920 -0.025622 0.014852 -0.023074 -0.011852 -0.010660
41.0 0.403561 0.194720 0.223077 -0.295315 0.126209 0.213177 -0.039538 0.057780 -0.027657 0.014958 -0.024000 -0.007690 -0.023299
42.0 0.402618 0.186889 0.224834 -0.285780 0.136362 0.212462 -0.038270 0.051607 -0.029359 0.014504 -0.024054 -0.002843 -0.033819
43.0 0.402193 0.182101 0.225614 -0.281816 0.139294 0.211904 -0.036936 0.046337 -0.030518 0.014810 -0.023497 0.002793 -0.041898
44.0 0.402173 0.179029 0.227683 -0.273769 0.137933 0.210978 -0.035508 0.041935 -0.030953 0.015045 -0.022468 0.008569 -0.047221
45.0 0.402486 0.176865 0.231096 -0.269560 0.135173 0.209330 -0.033908 0.038353 -0.030659 0.015115 -0.021365 0.013767 -0.051505
46.0 0.403042 0.175369 0.232207 -0.262717 0.130245 0.206958 -0.032120 0.035479 -0.029698 0.015247 -0.020496 0.018125 -0.054184
47.0 0.403702 0.173930 0.231742 -0.259719 0.124404 0.204021 -0.030212 0.033194 -0.028133 0.015099 -0.020039 0.021557 -0.055314
48.0 0.404383 0.172049 0.229625 -0.252329 0.118163 0.200654 -0.028213 0.031396 -0.026079 0.014370 -0.020080 0.024038 -0.055601
49.0 0.404964 0.170280 0.224628 -0.249850 0.110150 0.196884 -0.026253 0.029906 -0.023658 0.013830 -0.020429 0.025542 -0.054370
50.0 0.405334 0.169160 0.218339 -0.245148 0.101938 0.192845 -0.024384 0.028485 -0.021015 0.014199 -0.020970 0.026200 -0.051174
51.0 0.405553 0.169881 0.217151 -0.244787 0.096860 0.189317 -0.022665 0.026899 -0.018230 0.016342 -0.021782 0.026498 -0.048551
52.0 0.405834 0.171475 0.225008 -0.242075 0.097457 0.187165 -0.021264 0.025152 -0.015472 0.018598 -0.022704 0.026839 -0.048826
53.0 0.406389 0.172912 0.237042 -0.238715 0.102999 0.186478 -0.020232 0.023373 -0.013004 0.019660 -0.023363 0.026923 -0.054467
54.0 0.407265 0.174199 0.247096 -0.239991 0.110041 0.186825 -0.019514 0.021635 -0.010812 0.019839 -0.023774 0.026313 -0.060331
55.0 0.408461 0.175603 0.255772 -0.241646 0.117352 0.187756 -0.019053 0.020030 -0.008808 0.019751 -0.024073 0.025239 -0.063988
56.0 0.409996 0.177388 0.263739 -0.240184 0.125263 0.189005 -0.018794 0.018480 -0.006931 0.019960 -0.024332 0.024016 -0.069235
57.0 0.411880 0.179520 0.271186 -0.240182 0.132418 0.190573 -0.018696 0.016917 -0.005126 0.020455 -0.024604 0.022909 -0.075506
58.0 0.414051 0.181682 0.278191 -0.241723 0.137961 0.192461 -0.018729 0.015368 -0.003378 0.020907 -0.024947 0.022095 -0.079973
59.0 0.416430 0.183690 0.283910 -0.243234 0.141543 0.194448 -0.018847 0.013900 -0.001697 0.021280 -0.025394 0.021546 -0.082741
60.0 0.418935 0.185342 0.287912 -0.246114 0.143145 0.196217 -0.019000 0.012533 -0.000097 0.021596 -0.025907 0.021122 -0.083481
61.0 0.421505 0.186603 0.290774 -0.245085 0.143343 0.197605 -0.019157 0.011247 0.001398 0.021935 -0.026425 0.020756 -0.084000
62.0 0.424071 0.187458 0.293268 -0.242317 0.142654 0.198625 -0.019325 0.010016 0.002738 0.022333 -0.026930 0.020455 -0.086406
63.0 0.426548 0.187812 0.296299 -0.248395 0.141818 0.199312 -0.019515 0.008803 0.003898 0.022735 -0.027421 0.020219 -0.085031
64.0 0.428960 0.187699 0.300790 -0.249167 0.141996 0.199778 -0.019701 0.007573 0.004875 0.023108 -0.027934 0.020013 -0.081701
65.0 0.431332 0.187183 0.306925 -0.251031 0.143879 0.200074 -0.019876 0.006304 0.005688 0.023463 -0.028469 0.019799 -0.081211
66.0 0.433703 0.186242 0.314475 -0.251235 0.147690 0.200219 -0.020032 0.004986 0.006349 0.023762 -0.029042 0.019543 -0.082073
67.0 0.436136 0.185019 0.323366 -0.252014 0.153174 0.200338 -0.020194 0.003635 0.006885 0.023961 -0.029606 0.019241 -0.084360
68.0 0.438691 0.183653 0.333396 -0.255601 0.159706 0.200503 -0.020392 0.002264 0.007315 0.024059 -0.030096 0.018911 -0.085606
69.0 0.441418 0.182335 0.344302 -0.258637 0.166646 0.200796 -0.020635 0.000918 0.007671 0.024061 -0.030475 0.018582 -0.085979
70.0 0.444297 0.181107 0.355220 -0.259649 0.173239 0.201169 -0.020910 -0.000388 0.007971 0.024031 -0.030766 0.018282 -0.087928
71.0 0.447325 0.180059 0.365917 -0.259513 0.179258 0.201540 -0.021176 -0.001658 0.008249 0.024121 -0.031018 0.018021 -0.091175
72.0 0.450482 0.179242 0.376154 -0.261882 0.184595 0.201834 -0.021394 -0.002881 0.008529 0.024430 -0.031275 0.017800 -0.093535
73.0 0.453746 0.178589 0.385568 -0.263820 0.189137 0.201931 -0.021552 -0.004044 0.008805 0.025002 -0.031553 0.017613 -0.094519
74.0 0.457101 0.178027 0.394071 -0.263899 0.192948 0.201762 -0.021650 -0.005112 0.009076 0.025797 -0.031847 0.017447 -0.096184
75.0 0.460506 0.177402 0.401449 -0.265602 0.195958 0.201243 -0.021697 -0.006071 0.009310 0.026749 -0.032132 0.017310 -0.097556
76.0 0.463893 0.176639 0.406839 -0.267711 0.197903 0.200363 -0.021694 -0.006913 0.009488 0.027771 -0.032375 0.017188 -0.097451
77.0 0.467271 0.175800 0.410687 -0.267479 0.199088 0.199184 -0.021649 -0.007646 0.009618 0.028886 -0.032593 0.017061 -0.097219
78.0 0.470631 0.174835 0.413398 -0.267614 0.199864 0.197760 -0.021567 -0.008290 0.009692 0.030071 -0.032830 0.016892 -0.097341
79.0 0.473925 0.173597 0.414830 -0.270231 0.200436 0.196088 -0.021481 -0.008904 0.009684 0.031278 -0.033069 0.016643 -0.095861
80.0 0.477133 0.172061 0.415493 -0.273185 0.201172 0.194231 -0.021404 -0.009492 0.009574 0.032464 -0.033313 0.016279 -0.092721
81.0 0.480225 0.170135 0.415583 -0.272607 0.202269 0.192214 -0.021342 -0.010076 0.009348 0.033571 -0.033579 0.015797 -0.091228
82.0 0.483241 0.167900 0.415520 -0.271840 0.203860 0.190209 -0.021323 -0.010685 0.009005 0.034543 -0.033849 0.015200 -0.091226
83.0 0.486189 0.165395 0.415546 -0.272298 0.205885 0.188326 -0.021363 -0.011357 0.008550 0.035350 -0.034112 0.014502 -0.090720
84.0 0.489060 0.162704 0.415590 -0.273406 0.208157 0.186675 -0.021477 -0.012108 0.007986 0.035974 -0.034346 0.013719 -0.089356
85.0 0.491868 0.159976 0.415678 -0.272112 0.210534 0.185346 -0.021661 -0.012912 0.007316 0.036402 -0.034515 0.012870 -0.088762
86.0 0.494581 0.157314 0.415876 -0.273380 0.212803 0.184377 -0.021902 -0.013774 0.006548 0.036647 -0.034583 0.011948 -0.088273
87.0 0.497209 0.154791 0.416385 -0.274855 0.214943 0.183805 -0.022198 -0.014683 0.005699 0.036741 -0.034574 0.010999 -0.086258
88.0 0.499744 0.152438 0.417025 -0.272759 0.216769 0.183625 -0.022543 -0.015614 0.004776 0.036684 -0.034491 0.010051 -0.085905
89.0 0.502172 0.150251 0.417600 -0.272878 0.218200 0.183804 -0.022936 -0.016571 0.003806 0.036487 -0.034339 0.009139 -0.086183
90.0 0.504502 0.148297 0.417948 -0.272729 0.219173 0.184342 -0.023365 -0.017513 0.002800 0.036169 -0.034136 0.008284 -0.085228
91.0 0.506750 0.146594 0.418063 -0.271169 0.219729 0.185224 -0.023816 -0.018424 0.001778 0.035729 -0.033897 0.007504 -0.084857
92.0 0.508925 0.145129 0.417915 -0.269692 0.219852 0.186437 -0.024282 -0.019279 0.000745 0.035134 -0.033627 0.006803 -0.084975
93.0 0.511030 0.143883 0.417561 -0.272758 0.219640 0.187927 -0.024762 -0.020054 -0.000295 0.034399 -0.033333 0.006176 -0.082672
94.0 0.513059 0.142836 0.416781 -0.271211 0.219105 0.189639 -0.025251 -0.020732 -0.001333 0.033529 -0.033016 0.005621 -0.080418
95.0 0.515014 0.141945 0.415696 -0.272702 0.218348 0.191509 -0.025758 -0.021314 -0.002359 0.032545 -0.032679 0.005137 -0.078895
96.0 0.516898 0.141215 0.414269 -0.270499 0.217426 0.193502 -0.026300 -0.021787 -0.003374 0.031482 -0.032308 0.004706 -0.077719
97.0 0.518713 0.140680 0.412674 -0.269509 0.216490 0.195584 -0.026888 -0.022167 -0.004368 0.030408 -0.031888 0.004327 -0.077901
98.0 0.520443 0.140320 0.410962 -0.271537 0.215602 0.197695 -0.027526 -0.022453 -0.005349 0.029379 -0.031426 0.004001 -0.076341
99.0 0.522120 0.140132 0.409053 -0.268972 0.214835 0.199847 -0.028227 -0.022647 -0.006334 0.028436 -0.030945 0.003717 -0.075635
100.0 0.523766 0.140132 0.407003 -0.271412 0.214267 0.202015 -0.028971 -0.022728 -0.007327 0.027579 -0.030435 0.003472 -0.074914
101.0 0.525434 0.140315 0.404901 -0.267700 0.213922 0.204217 -0.029760 -0.022691 -0.008343 0.026788 -0.029896 0.003274 -0.074789
102.0 0.527117 0.140595 0.402817 -0.269507 0.213786 0.206430 -0.030573 -0.022552 -0.009382 0.026006 -0.029334 0.003132 -0.075449
103.0 0.528831 0.140958 0.400794 -0.267723 0.213859 0.208677 -0.031399 -0.022313 -0.010439 0.025190 -0.028758 0.003058 -0.075363
104.0 0.530594 0.141362 0.398916 -0.267706 0.214102 0.210971 -0.032218 -0.021983 -0.011516 0.024298 -0.028190 0.003060 -0.076383
105.0 0.532430 0.141828 0.397287 -0.266345 0.214511 0.213326 -0.033025 -0.021574 -0.012597 0.023328 -0.027630 0.003132 -0.077280
106.0 0.534324 0.142360 0.395855 -0.266126 0.214999 0.215719 -0.033799 -0.021086 -0.013677 0.022277 -0.027074 0.003273 -0.078668
107.0 0.536294 0.143016 0.394521 -0.264760 0.215472 0.218153 -0.034534 -0.020522 -0.014746 0.021199 -0.026535 0.003483 -0.080101
108.0 0.538353 0.143863 0.393239 -0.265012 0.215823 0.220645 -0.035228 -0.019890 -0.015779 0.020125 -0.026010 0.003756 -0.081345
109.0 0.540514 0.144925 0.391712 -0.263414 0.215957 0.223186 -0.035881 -0.019196 -0.016761 0.019078 -0.025500 0.004097 -0.082707
110.0 0.542795 0.146206 0.389843 -0.260754 0.215740 0.225766 -0.036497 -0.018453 -0.017673 0.018083 -0.025020 0.004515 -0.085393
111.0 0.545205 0.147740 0.387388 -0.260447 0.215131 0.228379 -0.037081 -0.017677 -0.018498 0.017182 -0.024565 0.005011 -0.087288
112.0 0.547734 0.149480 0.384438 -0.260109 0.214128 0.231015 -0.037645 -0.016892 -0.019225 0.016375 -0.024149 0.005580 -0.088026
113.0 0.550351 0.151370 0.380852 -0.258006 0.212707 0.233640 -0.038191 -0.016109 -0.019863 0.015664 -0.023771 0.006209 -0.089746
114.0 0.553067 0.153442 0.376936 -0.256675 0.211009 0.236282 -0.038735 -0.015318 -0.020411 0.015045 -0.023422 0.006887 -0.091740
115.0 0.555881 0.155648 0.372806 -0.257037 0.209142 0.238924 -0.039279 -0.014526 -0.020878 0.014512 -0.023106 0.007610 -0.092499
116.0 0.558795 0.157962 0.368597 -0.254179 0.207221 0.241560 -0.039828 -0.013722 -0.021276 0.014047 -0.022819 0.008360 -0.094055
117.0 0.561809 0.160347 0.364445 -0.251455 0.205306 0.244184 -0.040386 -0.012913 -0.021619 0.013649 -0.022567 0.009116 -0.097222
118.0 0.564946 0.162797 0.360619 -0.251892 0.203490 0.246795 -0.040954 -0.012107 -0.021912 0.013328 -0.022351 0.009863 -0.098689
119.0 0.568205 0.165309 0.357160 -0.249230 0.201778 0.249377 -0.041523 -0.011294 -0.022160 0.013069 -0.022160 0.010585 -0.100280
120.0 0.571574 0.167865 0.354069 -0.248186 0.200178 0.251915 -0.042082 -0.010489 -0.022355 0.012875 -0.021998 0.011273 -0.102832
121.0 0.575040 0.170413 0.351319 -0.247360 0.198685 0.254392 -0.042622 -0.009684 -0.022504 0.012695 -0.021863 0.011908 -0.104661
122.0 0.578602 0.172909 0.348900 -0.244918 0.197339 0.256816 -0.043141 -0.008895 -0.022616 0.012502 -0.021758 0.012475 -0.107233
123.0 0.582236 0.175352 0.346966 -0.246914 0.196195 0.259196 -0.043636 -0.008132 -0.022683 0.012281 -0.021674 0.012963 -0.108628
124.0 0.585950 0.177765 0.345395 -0.243781 0.195249 0.261555 -0.044116 -0.007397 -0.022698 0.012025 -0.021605 0.013368 -0.110388
125.0 0.589735 0.180115 0.344210 -0.242663 0.194449 0.263888 -0.044580 -0.006711 -0.022658 0.011732 -0.021557 0.013693 -0.113815
126.0 0.593594 0.182402 0.343321 -0.244571 0.193763 0.266210 -0.045036 -0.006083 -0.022557 0.011408 -0.021540 0.013938 -0.114689
127.0 0.597518 0.184614 0.342598 -0.239774 0.193087 0.268528 -0.045493 -0.005514 -0.022407 0.011061 -0.021561 0.014104 -0.117392
128.0 0.601483 0.186718 0.341929 -0.245059 0.192333 0.270835 -0.045965 -0.005025 -0.022214 0.010715 -0.021628 0.014194 -0.118390
129.0 0.605482 0.188716 0.341381 -0.244790 0.191457 0.273155 -0.046463 -0.004605 -0.021981 0.010348 -0.021738 0.014218 -0.116902
130.0 0.609500 0.190626 0.340808 -0.243473 0.190358 0.275477 -0.046991 -0.004251 -0.021715 0.009980 -0.021875 0.014179 -0.118500
131.0 0.613516 0.192455 0.340099 -0.245794 0.188989 0.277800 -0.047552 -0.003954 -0.021426 0.009614 -0.022028 0.014074 -0.118576
132.0 0.617527 0.194201 0.339363 -0.243502 0.187462 0.280132 -0.048146 -0.003714 -0.021113 0.009236 -0.022193 0.013901 -0.118806
133.0 0.621526 0.195883 0.338733 -0.243911 0.185895 0.282469 -0.048775 -0.003514 -0.020779 0.008844 -0.022362 0.013662 -0.119804
134.0 0.625493 0.197483 0.338223 -0.245727 0.184334 0.284803 -0.049431 -0.003371 -0.020427 0.008449 -0.022540 0.013359 -0.118749
135.0 0.629432 0.198972 0.337819 -0.245407 0.182824 0.287131 -0.050109 -0.003288 -0.020065 0.008046 -0.022744 0.013002 -0.117910
136.0 0.633347 0.200338 0.337248 -0.243170 0.181396 0.289430 -0.050799 -0.003254 -0.019697 0.007642 -0.022984 0.012578 -0.118946
137.0 0.637215 0.201589 0.336358 -0.244185 0.180025 0.291671 -0.051490 -0.003267 -0.019329 0.007240 -0.023236 0.012106 -0.119392
138.0 0.641046 0.202760 0.334962 -0.245970 0.178704 0.293855 -0.052180 -0.003319 -0.018957 0.006836 -0.023475 0.011601 -0.117671
139.0 0.644830 0.203839 0.333170 -0.246215 0.177501 0.295960 -0.052874 -0.003418 -0.018586 0.006451 -0.023695 0.011081 -0.116382
140.0 0.648585 0.204863 0.331317 -0.246123 0.176510 0.298006 -0.053571 -0.003568 -0.018219 0.006128 -0.023912 0.010554 -0.115958
141.0 0.652312 0.205854 0.329611 -0.247155 0.175767 0.300007 -0.054265 -0.003757 -0.017856 0.005865 -0.024140 0.010026 -0.115335
142.0 0.656019 0.206836 0.327806 -0.245580 0.175202 0.301974 -0.054943 -0.003971 -0.017506 0.005661 -0.024379 0.009492 -0.115562
143.0 0.659717 0.207805 0.325597 -0.243992 0.174595 0.303892 -0.055600 -0.004207 -0.017179 0.005495 -0.024597 0.008964 -0.117078
144.0 0.663394 0.208712 0.322753 -0.244963 0.173735 0.305780 -0.056241 -0.004471 -0.016879 0.005311 -0.024787 0.008439 -0.117235
145.0 0.667030 0.209550 0.319374 -0.244955 0.172449 0.307627 -0.056875 -0.004759 -0.016608 0.005114 -0.024950 0.007921 -0.116358
146.0 0.670601 0.210335 0.316403 -0.245611 0.171137 0.309431 -0.057505 -0.005077 -0.016368 0.004944 -0.025091 0.007417 -0.115547
147.0 0.674128 0.211099 0.314261 -0.244452 0.170116 0.311160 -0.058117 -0.005396 -0.016170 0.004797 -0.025175 0.006918 -0.115266
148.0 0.677587 0.211832 0.312425 -0.245311 0.169060 0.312783 -0.058698 -0.005693 -0.016031 0.004663 -0.025193 0.006434 -0.115178
149.0 0.680983 0.212547 0.310495 -0.244323 0.167729 0.314308 -0.059259 -0.005969 -0.015945 0.004582 -0.025169 0.005958 -0.114795
150.0 0.684319 0.213210 0.308396 -0.242721 0.166045 0.315765 -0.059813 -0.006246 -0.015914 0.004565 -0.025148 0.005494 -0.115283
151.0 0.687602 0.213760 0.305885 -0.240256 0.163896 0.317085 -0.060332 -0.006501 -0.015931 0.004565 -0.025127 0.005029 -0.115959
152.0 0.690835 0.214163 0.302997 -0.239754 0.161370 0.318261 -0.060816 -0.006731 -0.015996 0.004545 -0.025100 0.004541 -0.115516
153.0 0.693993 0.214375 0.299380 -0.241500 0.158477 0.319305 -0.061270 -0.006969 -0.016104 0.004482 -0.025068 0.004043 -0.112588
154.0 0.697038 0.214365 0.295015 -0.240215 0.155316 0.320192 -0.061683 -0.007221 -0.016247 0.004356 -0.025033 0.003532 -0.109835
155.0 0.699947 0.214151 0.290054 -0.240813 0.151925 0.320939 -0.062056 -0.007473 -0.016418 0.004157 -0.024998 0.003011 -0.107369
156.0 0.702726 0.213754 0.284842 -0.237020 0.148480 0.321559 -0.062396 -0.007744 -0.016605 0.003881 -0.024941 0.002492 -0.105755
157.0 0.705409 0.213212 0.279421 -0.234635 0.144994 0.322088 -0.062717 -0.008038 -0.016804 0.003527 -0.024844 0.001989 -0.105173
158.0 0.708002 0.212525 0.273830 -0.231949 0.141447 0.322555 -0.063031 -0.008386 -0.017008 0.003113 -0.024718 0.001521 -0.103803
159.0 0.710478 0.211761 0.267857 -0.229149 0.137688 0.322982 -0.063334 -0.008744 -0.017213 0.002625 -0.024556 0.001083 -0.102662
160.0 0.712808 0.211073 0.261714 -0.228154 0.133834 0.323404 -0.063608 -0.009074 -0.017407 0.002094 -0.024336 0.000679 -0.100765
161.0 0.714996 0.210510 0.255542 -0.223047 0.129985 0.323825 -0.063846 -0.009364 -0.017586 0.001545 -0.024064 0.000289 -0.100075
162.0 0.717049 0.210092 0.249557 -0.222880 0.126237 0.324245 -0.064038 -0.009605 -0.017741 0.000984 -0.023754 -0.000089 -0.099131
163.0 0.718978 0.209849 0.243850 -0.220401 0.122635 0.324664 -0.064170 -0.009775 -0.017867 0.000425 -0.023428 -0.000455 -0.097056
164.0 0.720784 0.209744 0.238559 -0.219836 0.119279 0.325076 -0.064239 -0.009880 -0.017956 -0.000143 -0.023113 -0.000807 -0.095558
165.0 0.722489 0.209716 0.233471 -0.216818 0.116116 0.325473 -0.064241 -0.009927 -0.017996 -0.000767 -0.022826 -0.001145 -0.094489
166.0 0.724096 0.209731 0.228179 -0.215112 0.112903 0.325848 -0.064181 -0.009933 -0.017976 -0.001451 -0.022576 -0.001489 -0.094092
167.0 0.725609 0.209726 0.223099 -0.212372 0.109604 0.326185 -0.064060 -0.009910 -0.017890 -0.002204 -0.022394 -0.001852 -0.093462
