Heating 26.807273 67.567568 24.555021 73.873874 4 6.000000
44 38 39 52
0.0 0.000000 0.000000 0.000000 -0.000000 -0.000000 0.000000 0.000000 0.000000 0.000000 0.000000 0.000000 -0.000000 0.000000
1.0 0.003640 0.009726 0.240794 -0.001985 0.183210 0.001618 -0.000228 0.000100 0.000111 0.004132 0.003992 -0.000424 -0.066145
2.0 0.011570 0.020374 0.283117 -0.004186 0.189623 0.003825 -0.000537 0.000416 0.000678 0.010758 0.005233 -0.000814 -0.134323
3.0 0.019249 0.028424 0.282244 -0.005767 0.166800 0.005681 -0.001032 0.000724 0.001146 0.016826 0.005079 -0.000642 -0.135471
4.0 0.026811 0.034183 0.270433 -0.007087 0.166236 0.007666 -0.001300 0.000694 0.001238 0.020539 0.005346 -0.000612 -0.130270
5.0 0.034879 0.037189 0.275525 -0.008824 0.186671 0.009845 -0.001278 0.000011 0.000743 0.022267 0.005600 -0.000457 -0.139106
6.0 0.044018 0.040378 0.286384 -0.011058 0.212406 0.012025 -0.000985 -0.001363 0.000093 0.024518 0.006091 -0.000287 -0.154898
7.0 0.054158 0.043262 0.303141 -0.013760 0.234229 0.014118 -0.000689 -0.003169 -0.000478 0.027320 0.006159 0.000012 -0.171472
8.0 0.065059 0.043741 0.338993 -0.017191 0.252996 0.016486 -0.000568 -0.005160 -0.000823 0.028486 0.005319 0.000539 -0.184702
9.0 0.076610 0.047461 0.372568 -0.021839 0.270591 0.019819 -0.000610 -0.007131 -0.000747 0.031459 0.004670 0.000948 -0.196216
10.0 0.088753 0.052424 0.399586 -0.027480 0.284114 0.023722 -0.000640 -0.009035 -0.000294 0.034568 0.004104 0.001326 -0.206631
11.0 0.101343 0.057542 0.424455 -0.034735 0.296507 0.027874 -0.000572 -0.010819 0.000332 0.036962 0.003766 0.001682 -0.214970
12.0 0.114336 0.062541 0.449574 -0.041630 0.309521 0.032182 -0.000400 -0.012334 0.001217 0.038412 0.003464 0.002097 -0.222823
13.0 0.127742 0.067768 0.474764 -0.048684 0.323007 0.036853 -0.000213 -0.013499 0.002421 0.039198 0.003007 0.002632 -0.231378
14.0 0.141566 0.073695 0.500792 -0.057691 0.337902 0.042240 -0.000083 -0.014389 0.003885 0.039795 0.002247 0.003272 -0.240355
15.0 0.155898 0.080821 0.528886 -0.067523 0.356120 0.048675 -0.000028 -0.015213 0.005521 0.040572 0.001293 0.003962 -0.250620
16.0 0.170849 0.089738 0.555942 -0.078528 0.375500 0.056328 -0.000087 -0.016177 0.007271 0.041707 0.000696 0.004485 -0.262682
17.0 0.186366 0.098834 0.575769 -0.089907 0.390893 0.064977 -0.000283 -0.017299 0.009100 0.041833 0.000506 0.004766 -0.273751
18.0 0.202183 0.107900 0.588911 -0.101801 0.400875 0.074191 -0.000613 -0.018458 0.010924 0.041606 0.000251 0.004936 -0.281715
19.0 0.218189 0.117820 0.601599 -0.113600 0.410447 0.084131 -0.001062 -0.019691 0.012664 0.042131 -0.000353 0.005054 -0.287764
20.0 0.234428 0.128058 0.618522 -0.125206 0.420793 0.095043 -0.001604 -0.021131 0.014403 0.042734 -0.001387 0.005334 -0.294439
21.0 0.250968 0.138643 0.642687 -0.137315 0.433797 0.106906 -0.002224 -0.022853 0.016254 0.043154 -0.002594 0.005965 -0.302719
22.0 0.267932 0.149684 0.673143 -0.149876 0.450346 0.119710 -0.002974 -0.024837 0.018257 0.043194 -0.003667 0.007031 -0.313426
23.0 0.285521 0.161571 0.707544 -0.163107 0.469489 0.133503 -0.003830 -0.027055 0.020453 0.043066 -0.004565 0.008482 -0.326098
24.0 0.303861 0.174433 0.743686 -0.177115 0.489778 0.148372 -0.004766 -0.029574 0.022831 0.042913 -0.005344 0.010177 -0.340130
25.0 0.322995 0.187995 0.778704 -0.191784 0.509887 0.164246 -0.005765 -0.032478 0.025391 0.042685 -0.006084 0.011994 -0.354613
26.0 0.342909 0.202100 0.809878 -0.203672 0.528031 0.180876 -0.006808 -0.035798 0.028161 0.042507 -0.006837 0.013852 -0.369890
27.0 0.363525 0.216869 0.836167 -0.218446 0.543873 0.198114 -0.007900 -0.039485 0.031172 0.042496 -0.007529 0.015641 -0.384196
28.0 0.384794 0.232570 0.858819 -0.230949 0.557685 0.215930 -0.009037 -0.043448 0.034448 0.042851 -0.008175 0.017331 -0.397133
29.0 0.406631 0.248930 0.880008 -0.246278 0.570540 0.234212 -0.010248 -0.047593 0.038002 0.043519 -0.008962 0.018977 -0.409714
30.0 0.429005 0.265797 0.901727 -0.262610 0.583783 0.252814 -0.011553 -0.051776 0.041852 0.044453 -0.009993 0.020652 -0.420902
31.0 0.451930 0.283174 0.924505 -0.278549 0.597649 0.271617 -0.012938 -0.055821 0.046013 0.045525 -0.011223 0.022334 -0.432713
32.0 0.475456 0.301217 0.905020 -0.292802 0.611742 0.290544 -0.014353 -0.059621 0.050532 0.046613 -0.012499 0.024016 -0.446180
33.0 0.491419 0.311802 0.652613 -0.301817 0.298767 0.289385 -0.012717 -0.064343 0.056090 0.069135 -0.025748 0.027626 -0.362575
34.0 0.498106 0.309866 0.416699 -0.303586 0.090663 0.294001 -0.012948 -0.065823 0.058139 0.074999 -0.038502 0.022738 -0.174534
35.0 0.496735 0.288263 0.252860 -0.293367 -0.056470 0.303158 -0.013335 -0.064784 0.059458 0.044245 -0.040480 0.021962 -0.051003
36.0 0.491296 0.290545 0.197401 -0.292279 -0.102918 0.310006 -0.014647 -0.060755 0.062418 0.028541 -0.035017 0.022427 0.017406
37.0 0.485540 0.299722 0.201037 -0.290528 -0.100680 0.311141 -0.015552 -0.055962 0.066756 0.023471 -0.030131 0.021261 0.030179
38.0 0.481080 0.305347 0.228300 -0.287906 -0.064134 0.309447 -0.015787 -0.052432 0.071336 0.018871 -0.026088 0.021122 0.012221
39.0 0.478742 0.309603 0.258599 -0.289164 -0.011007 0.308218 -0.015845 -0.050276 0.075441 0.014815 -0.022751 0.021765 -0.021515
40.0 0.478919 0.317657 0.280850 -0.287283 0.040910 0.308177 -0.015889 -0.049033 0.079036 0.016366 -0.021000 0.021850 -0.060750
41.0 0.481056 0.323788 0.299851 -0.288412 0.068731 0.308029 -0.015894 -0.048499 0.082303 0.018709 -0.020859 0.022554 -0.092808
42.0 0.484246 0.324587 0.315555 -0.291510 0.084712 0.309221 -0.016015 -0.048411 0.085560 0.016043 -0.021811 0.023067 -0.108236
43.0 0.488131 0.326272 0.332348 -0.287379 0.098841 0.312831 -0.016456 -0.048369 0.089337 0.011950 -0.023021 0.023559 -0.119995
44.0 0.492751 0.331185 0.349625 -0.290798 0.111903 0.317997 -0.017213 -0.048498 0.093502 0.009250 -0.023853 0.024026 -0.131839
45.0 0.498067 0.337058 0.364637 -0.287603 0.120313 0.323376 -0.018080 -0.048643 0.097764 0.007086 -0.024446 0.024466 -0.142753
46.0 0.503819 0.341493 0.374547 -0.290294 0.122052 0.327792 -0.018825 -0.048583 0.101853 0.004243 -0.024987 0.024786 -0.150117
47.0 0.509668 0.344698 0.378370 -0.289029 0.116998 0.330501 -0.019267 -0.048030 0.105506 0.001411 -0.025423 0.024721 -0.150923
48.0 0.515430 0.348094 0.382525 -0.286153 0.110760 0.331540 -0.019324 -0.046997 0.108605 -0.000201 -0.025530 0.024497 -0.151197
49.0 0.521101 0.350910 0.391377 -0.286928 0.107026 0.331153 -0.018993 -0.045628 0.111256 -0.001429 -0.025449 0.024456 -0.150960
50.0 0.526735 0.352592 0.402029 -0.289150 0.105840 0.329326 -0.018262 -0.044066 0.113670 -0.002580 -0.025495 0.024802 -0.149697
51.0 0.532305 0.353642 0.410139 -0.294330 0.104747 0.326059 -0.017256 -0.042284 0.116073 -0.003124 -0.025826 0.025357 -0.147193
52.0 0.537810 0.354985 0.414914 -0.292601 0.104688 0.322007 -0.016207 -0.040207 0.118551 -0.002973 -0.026185 0.025711 -0.147062
53.0 0.543217 0.356310 0.414894 -0.299392 0.104371 0.317675 -0.015274 -0.037855 0.120977 -0.002697 -0.026516 0.025508 -0.146536
54.0 0.548474 0.356733 0.412445 -0.296476 0.101849 0.313327 -0.014440 -0.035302 0.123185 -0.003009 -0.027029 0.024908 -0.144850
55.0 0.553476 0.356360 0.411517 -0.299558 0.098444 0.309219 -0.013693 -0.032548 0.125044 -0.003920 -0.027742 0.024163 -0.143190
56.0 0.558175 0.355593 0.414278 -0.300116 0.095720 0.305418 -0.013019 -0.029579 0.126456 -0.005173 -0.028510 0.023515 -0.139474
57.0 0.562581 0.354609 0.420013 -0.304075 0.094782 0.301824 -0.012390 -0.026390 0.127360 -0.006510 -0.029286 0.023127 -0.136326
58.0 0.566722 0.353423 0.427102 -0.305944 0.095294 0.298282 -0.011785 -0.023013 0.127656 -0.007580 -0.030138 0.023034 -0.134000
59.0 0.570670 0.351874 0.434854 -0.308928 0.097026 0.294622 -0.011202 -0.019441 0.127305 -0.008336 -0.031074 0.023272 -0.132941
60.0 0.574497 0.349650 0.445116 -0.316172 0.101011 0.290645 -0.010665 -0.015782 0.126308 -0.008892 -0.031964 0.023815 -0.130154
61.0 0.578226 0.346396 0.458319 -0.321424 0.107643 0.286262 -0.010172 -0.012177 0.124722 -0.009442 -0.032797 0.024587 -0.127919
62.0 0.581889 0.342123 0.472605 -0.323557 0.115739 0.281456 -0.009717 -0.008633 0.122601 -0.010087 -0.033497 0.025551 -0.129227
63.0 0.585512 0.337110 0.484355 -0.326877 0.122959 0.276299 -0.009317 -0.005209 0.120060 -0.010693 -0.034030 0.026671 -0.130879
64.0 0.589128 0.331393 0.493276 -0.328182 0.129006 0.270908 -0.009032 -0.001916 0.117161 -0.011183 -0.034546 0.027873 -0.131046
65.0 0.592677 0.325556 0.501058 -0.333889 0.135000 0.265350 -0.008921 0.001205 0.113998 -0.011164 -0.034912 0.029062 -0.129514
66.0 0.596215 0.319889 0.510038 -0.335356 0.142260 0.259740 -0.009048 0.004147 0.110612 -0.010484 -0.035079 0.030199 -0.128060
67.0 0.599730 0.314445 0.520513 -0.337984 0.150795 0.254200 -0.009426 0.006859 0.107073 -0.009178 -0.035084 0.031259 -0.129632
68.0 0.603252 0.309204 0.531517 -0.339148 0.159897 0.248847 -0.010028 0.009301 0.103432 -0.007345 -0.035003 0.032220 -0.132166
69.0 0.606726 0.304091 0.541710 -0.343868 0.168554 0.243752 -0.010800 0.011408 0.099756 -0.005175 -0.034850 0.033082 -0.134229
70.0 0.610088 0.298933 0.550613 -0.351892 0.176180 0.238966 -0.011697 0.013131 0.096091 -0.002894 -0.034665 0.033857 -0.132571
71.0 0.613282 0.293546 0.557417 -0.353764 0.182095 0.234501 -0.012662 0.014497 0.092495 -0.000803 -0.034482 0.034539 -0.131195
72.0 0.616226 0.287906 0.561129 -0.357940 0.185544 0.230377 -0.013637 0.015538 0.088976 0.000941 -0.034288 0.035131 -0.129975
73.0 0.618871 0.282199 0.562277 -0.359515 0.186705 0.226606 -0.014591 0.016283 0.085534 0.002398 -0.034031 0.035623 -0.126663
74.0 0.621186 0.276513 0.563001 -0.361796 0.187044 0.223166 -0.015505 0.016800 0.082140 0.003663 -0.033752 0.036019 -0.122881
75.0 0.623147 0.271096 0.564768 -0.367560 0.188117 0.220073 -0.016358 0.017131 0.078754 0.004842 -0.033346 0.036294 -0.117171
76.0 0.624760 0.266624 0.567857 -0.371693 0.190251 0.217324 -0.017163 0.017332 0.075478 0.006055 -0.032403 0.036470 -0.111901
77.0 0.626058 0.263099 0.572455 -0.375917 0.193189 0.214910 -0.017921 0.017548 0.072271 0.007306 -0.031014 0.036558 -0.108904
78.0 0.627157 0.260034 0.578891 -0.379300 0.197255 0.212906 -0.018617 0.017908 0.069100 0.008457 -0.029719 0.036571 -0.106954
79.0 0.628097 0.257116 0.586090 -0.384262 0.202289 0.211309 -0.019279 0.018349 0.065997 0.009530 -0.028790 0.036515 -0.105592
80.0 0.628843 0.253832 0.586600 -0.394190 0.204820 0.209935 -0.019916 0.018852 0.062966 0.010574 -0.028580 0.036388 -0.100283
81.0 0.629498 0.250833 0.578664 -0.387451 0.203556 0.208848 -0.020514 0.019428 0.059995 0.011543 -0.028466 0.036186 -0.096750
82.0 0.630091 0.248712 0.568880 -0.385612 0.200471 0.208133 -0.021098 0.019987 0.057065 0.012611 -0.027986 0.035903 -0.096554
83.0 0.630619 0.246737 0.561661 -0.381846 0.199206 0.207919 -0.021616 0.020431 0.054331 0.013397 -0.027724 0.035533 -0.095327
84.0 0.631097 0.244997 0.554652 -0.380872 0.199057 0.208194 -0.022066 0.020735 0.051820 0.013697 -0.027383 0.035071 -0.095114
85.0 0.631612 0.243963 0.545686 -0.377257 0.198469 0.208930 -0.022475 0.020977 0.049476 0.013792 -0.026736 0.034519 -0.094852
86.0 0.632221 0.243727 0.535626 -0.370946 0.197471 0.210115 -0.022844 0.021186 0.047287 0.013824 -0.025841 0.033878 -0.097040
87.0 0.632919 0.244043 0.525933 -0.367321 0.196677 0.211671 -0.023183 0.021325 0.045239 0.013753 -0.024763 0.033151 -0.099757
88.0 0.633685 0.244676 0.517640 -0.365121 0.196593 0.213515 -0.023488 0.021404 0.043330 0.013635 -0.023721 0.032345 -0.101398
89.0 0.634541 0.245632 0.511163 -0.363271 0.197527 0.215700 -0.023766 0.021464 0.041587 0.013466 -0.022819 0.031463 -0.103072
90.0 0.635439 0.246932 0.504634 -0.364597 0.198099 0.218164 -0.024027 0.021509 0.040041 0.013358 -0.022112 0.030551 -0.103983
91.0 0.636449 0.248489 0.497456 -0.360127 0.197782 0.220854 -0.024289 0.021603 0.038688 0.013341 -0.021708 0.029630 -0.105299
92.0 0.637542 0.250183 0.489824 -0.357507 0.196354 0.223738 -0.024574 0.021688 0.037499 0.013354 -0.021523 0.028748 -0.108034
93.0 0.638760 0.251909 0.482266 -0.353283 0.193900 0.226829 -0.024911 0.021725 0.036430 0.013345 -0.021509 0.027924 -0.109370
94.0 0.640085 0.253473 0.474493 -0.347526 0.190537 0.230092 -0.025299 0.021708 0.035457 0.013175 -0.021660 0.027139 -0.111436
95.0 0.641423 0.255042 0.466435 -0.345699 0.186645 0.233383 -0.025721 0.021625 0.034579 0.012972 -0.021797 0.026377 -0.112291
96.0 0.642757 0.256697 0.457608 -0.343148 0.182192 0.236633 -0.026161 0.021481 0.033763 0.012812 -0.021830 0.025631 -0.111193
97.0 0.644088 0.258240 0.448864 -0.338806 0.177650 0.239718 -0.026595 0.021267 0.033000 0.012615 -0.021764 0.024894 -0.111030
98.0 0.645427 0.259437 0.440905 -0.333316 0.173522 0.242522 -0.027008 0.021000 0.032287 0.012274 -0.021637 0.024171 -0.112183
99.0 0.646780 0.260321 0.433739 -0.329382 0.169962 0.245058 -0.027408 0.020693 0.031593 0.011843 -0.021459 0.023490 -0.113275
100.0 0.648161 0.260997 0.426833 -0.323202 0.166675 0.247355 -0.027814 0.020392 0.030909 0.011387 -0.021233 0.022869 -0.114821
101.0 0.649559 0.261458 0.419878 -0.319792 0.163408 0.249464 -0.028246 0.020120 0.030220 0.010923 -0.021022 0.022313 -0.116174
102.0 0.650963 0.261790 0.412346 -0.316531 0.159842 0.251434 -0.028721 0.019909 0.029525 0.010508 -0.020865 0.021825 -0.115926
103.0 0.652343 0.261984 0.403854 -0.313980 0.155782 0.253238 -0.029220 0.019756 0.028814 0.010195 -0.020799 0.021354 -0.114997
104.0 0.653663 0.261966 0.394554 -0.312533 0.151330 0.254904 -0.029742 0.019628 0.028085 0.009926 -0.020835 0.020866 -0.112821
105.0 0.654878 0.261629 0.384791 -0.310660 0.146855 0.256441 -0.030283 0.019524 0.027336 0.009614 -0.021005 0.020332 -0.110177
106.0 0.656027 0.261039 0.375404 -0.305521 0.142986 0.257918 -0.030858 0.019446 0.026542 0.009248 -0.021256 0.019733 -0.109003
107.0 0.657123 0.260161 0.367235 -0.303250 0.140292 0.259356 -0.031483 0.019370 0.025676 0.008791 -0.021549 0.019065 -0.108483
108.0 0.658180 0.259029 0.360160 -0.301545 0.138606 0.260740 -0.032162 0.019295 0.024741 0.008289 -0.021876 0.018345 -0.106897
109.0 0.659207 0.257660 0.353648 -0.298720 0.137632 0.262063 -0.032901 0.019214 0.023754 0.007738 -0.022210 0.017600 -0.106087
110.0 0.660210 0.255988 0.347327 -0.294298 0.137086 0.263271 -0.033701 0.019096 0.022733 0.007127 -0.022538 0.016871 -0.106887
111.0 0.661212 0.254080 0.341426 -0.292673 0.136849 0.264372 -0.034563 0.018945 0.021688 0.006459 -0.022820 0.016168 -0.107016
112.0 0.662211 0.251895 0.336249 -0.290656 0.136885 0.265375 -0.035489 0.018748 0.020632 0.005707 -0.023078 0.015484 -0.106026
113.0 0.663215 0.249408 0.332312 -0.290091 0.137315 0.266290 -0.036478 0.018485 0.019562 0.004880 -0.023331 0.014804 -0.104492
114.0 0.664219 0.246518 0.330087 -0.286459 0.138260 0.267099 -0.037528 0.018162 0.018471 0.003964 -0.023651 0.014112 -0.103899
115.0 0.665232 0.243325 0.329559 -0.281726 0.139777 0.267837 -0.038644 0.017754 0.017362 0.003045 -0.024028 0.013400 -0.105499
116.0 0.666271 0.239863 0.330270 -0.280604 0.141827 0.268467 -0.039820 0.017289 0.016214 0.002178 -0.024464 0.012685 -0.105964
117.0 0.667328 0.236203 0.331396 -0.278186 0.144192 0.268930 -0.041047 0.016775 0.015029 0.001429 -0.024914 0.012002 -0.105534
118.0 0.668382 0.232437 0.332910 -0.279878 0.146704 0.269147 -0.042313 0.016260 0.013825 0.000838 -0.025319 0.011385 -0.103996
119.0 0.669410 0.228541 0.334178 -0.278293 0.148860 0.269082 -0.043611 0.015749 0.012610 0.000369 -0.025659 0.010826 -0.102069
120.0 0.670394 0.224396 0.335406 -0.274249 0.150621 0.268777 -0.044936 0.015246 0.011363 0.000015 -0.026068 0.010302 -0.102626
121.0 0.671338 0.220086 0.337219 -0.274476 0.152420 0.268232 -0.046290 0.014741 0.010078 -0.000130 -0.026545 0.009786 -0.101898
122.0 0.672245 0.215752 0.339201 -0.272009 0.154315 0.267464 -0.047667 0.014258 0.008748 -0.000019 -0.027032 0.009321 -0.100338
123.0 0.673089 0.211410 0.341245 -0.270982 0.156189 0.266509 -0.049059 0.013777 0.007370 0.000293 -0.027481 0.008916 -0.099704
124.0 0.673865 0.207094 0.344105 -0.269729 0.158235 0.265448 -0.050453 0.013287 0.005940 0.000767 -0.027895 0.008569 -0.098640
125.0 0.674588 0.202867 0.347962 -0.268637 0.160585 0.264333 -0.051837 0.012792 0.004457 0.001392 -0.028270 0.008295 -0.097861
126.0 0.675301 0.198826 0.352976 -0.267972 0.163393 0.263219 -0.053193 0.012301 0.002926 0.002143 -0.028569 0.008069 -0.097005
127.0 0.676006 0.195005 0.358362 -0.267644 0.166176 0.262160 -0.054509 0.011808 0.001352 0.002993 -0.028800 0.007847 -0.096216
128.0 0.676679 0.191394 0.363264 -0.264146 0.168621 0.261192 -0.055761 0.011312 -0.000256 0.003908 -0.029001 0.007573 -0.097026
129.0 0.677295 0.188023 0.368081 -0.263912 0.170918 0.260345 -0.056929 0.010823 -0.001871 0.004834 -0.029178 0.007244 -0.097931
130.0 0.677900 0.185037 0.373180 -0.262456 0.173297 0.259680 -0.057997 0.010375 -0.003468 0.005729 -0.029282 0.006862 -0.097661
131.0 0.678516 0.182563 0.378254 -0.262791 0.175622 0.259255 -0.058961 0.009982 -0.005002 0.006581 -0.029293 0.006443 -0.097367
132.0 0.679149 0.180657 0.382818 -0.263399 0.177689 0.259111 -0.059839 0.009604 -0.006425 0.007425 -0.029219 0.006014 -0.096333
133.0 0.679840 0.179376 0.386518 -0.261226 0.179319 0.259283 -0.060647 0.009223 -0.007699 0.008337 -0.029121 0.005587 -0.096476
134.0 0.680595 0.178697 0.389477 -0.259438 0.180487 0.259789 -0.061400 0.008837 -0.008793 0.009293 -0.029028 0.005179 -0.097955
135.0 0.681441 0.178621 0.391560 -0.260340 0.181118 0.260634 -0.062113 0.008485 -0.009701 0.010253 -0.028938 0.004787 -0.097788
136.0 0.682380 0.179113 0.392580 -0.257947 0.181096 0.261824 -0.062805 0.008178 -0.010429 0.011180 -0.028835 0.004422 -0.097925
137.0 0.683406 0.180199 0.392788 -0.257974 0.180520 0.263349 -0.063490 0.007933 -0.010995 0.012074 -0.028672 0.004098 -0.098555
138.0 0.684488 0.181869 0.392657 -0.256864 0.179534 0.265211 -0.064171 0.007762 -0.011419 0.012889 -0.028402 0.003837 -0.098948
139.0 0.685588 0.184043 0.392374 -0.261303 0.178141 0.267350 -0.064836 0.007665 -0.011719 0.013606 -0.028023 0.003632 -0.097647
140.0 0.686741 0.186665 0.392076 -0.257968 0.176434 0.269782 -0.065484 0.007624 -0.011926 0.014233 -0.027563 0.003492 -0.097340
141.0 0.687982 0.189692 0.391636 -0.257527 0.174522 0.272521 -0.066115 0.007631 -0.012064 0.014781 -0.027062 0.003396 -0.099429
142.0 0.689327 0.193046 0.391108 -0.255330 0.172597 0.275528 -0.066723 0.007700 -0.012149 0.015276 -0.026586 0.003338 -0.101102
143.0 0.690759 0.196730 0.390193 -0.255633 0.170697 0.278762 -0.067291 0.007845 -0.012202 0.015787 -0.026170 0.003266 -0.102905
144.0 0.692324 0.200701 0.388550 -0.253337 0.168929 0.282192 -0.067814 0.008080 -0.012248 0.016355 -0.025863 0.003127 -0.104719
145.0 0.694004 0.204882 0.386358 -0.253286 0.167310 0.285784 -0.068295 0.008394 -0.012311 0.016990 -0.025680 0.002889 -0.107167
146.0 0.695841 0.209185 0.383536 -0.251834 0.165866 0.289487 -0.068740 0.008786 -0.012403 0.017650 -0.025594 0.002669 -0.109140
147.0 0.697852 0.213493 0.380100 -0.249973 0.164477 0.293276 -0.069149 0.009241 -0.012528 0.018242 -0.025589 0.002448 -0.112078
148.0 0.700038 0.217754 0.376102 -0.249144 0.163158 0.297131 -0.069527 0.009782 -0.012696 0.018693 -0.025629 0.002199 -0.114722
149.0 0.702380 0.221909 0.370888 -0.248274 0.161591 0.301017 -0.069869 0.010410 -0.012905 0.018956 -0.025700 0.001983 -0.116849
150.0 0.704867 0.226016 0.364111 -0.246369 0.159483 0.304962 -0.070184 0.011145 -0.013171 0.019022 -0.025757 0.001777 -0.119160
151.0 0.707459 0.230031 0.355732 -0.245076 0.156698 0.308954 -0.070472 0.011983 -0.013497 0.018870 -0.025807 0.001567 -0.121329
152.0 0.710140 0.233996 0.346237 -0.245063 0.153487 0.313018 -0.070754 0.012936 -0.013868 0.018517 -0.025853 0.001355 -0.122054
153.0 0.712860 0.237935 0.336070 -0.242131 0.149916 0.317135 -0.071026 0.013978 -0.014266 0.017992 -0.025878 0.001147 -0.123560
154.0 0.715571 0.241944 0.325792 -0.244142 0.146137 0.321352 -0.071300 0.015081 -0.014670 0.017343 -0.025860 0.000904 -0.124168
155.0 0.718324 0.246079 0.316291 -0.243884 0.142474 0.325725 -0.071594 0.016217 -0.015089 0.016627 -0.025806 0.000567 -0.123010
156.0 0.721108 0.250342 0.307423 -0.242482 0.138794 0.330324 -0.071933 0.017352 -0.015530 0.015821 -0.025692 0.000074 -0.123707
157.0 0.723953 0.254719 0.299205 -0.239607 0.135055 0.335139 -0.072337 0.018469 -0.015983 0.014948 -0.025518 -0.000580 -0.125400
158.0 0.726866 0.259229 0.291289 -0.236673 0.131075 0.340182 -0.072824 0.019560 -0.016441 0.014021 -0.025269 -0.001368 -0.127621
159.0 0.729814 0.263847 0.283557 -0.236986 0.126881 0.345427 -0.073394 0.020626 -0.016916 0.013028 -0.024924 -0.002258 -0.128290
160.0 0.732805 0.268482 0.276220 -0.235895 0.122596 0.350817 -0.074048 0.021648 -0.017410 0.011976 -0.024502 -0.003198 -0.127810
161.0 0.735805 0.273000 0.269234 -0.233578 0.118268 0.356268 -0.074781 0.022602 -0.017911 0.010837 -0.024014 -0.004162 -0.128754
162.0 0.738796 0.277359 0.262386 -0.235688 0.113895 0.361731 -0.075589 0.023477 -0.018404 0.009614 -0.023471 -0.005147 -0.128046
163.0 0.741767 0.281506 0.255525 -0.231320 0.109404 0.367156 -0.076462 0.024274 -0.018901 0.008320 -0.022881 -0.006168 -0.128153
164.0 0.744703 0.285397 0.248640 -0.230637 0.104763 0.372469 -0.077385 0.024961 -0.019396 0.007005 -0.022257 -0.007273 -0.129349
165.0 0.747592 0.288967 0.241669 -0.229454 0.100029 0.377635 -0.078347 0.025532 -0.019887 0.005662 -0.021628 -0.008440 -0.128562
166.0 0.750413 0.292160 0.234723 -0.229034 0.095319 0.382628 -0.079336 0.025989 -0.020373 0.004265 -0.021013 -0.009645 -0.127387
167.0 0.753169 0.294958 0.227975 -0.226685 0.090719 0.387435 -0.080340 0.026322 -0.020843 0.002822 -0.020438 -0.010847 -0.126424
Heating 26.807273 69.369369 24.555021 75.675676 4 6.000000
44 42 39 56
0.0 0.000000 0.000000 0.000000 -0.000000 -0.000000 0.000000 0.000000 0.000000 0.000000 0.000000 0.000000 -0.000000 -6.099424
1.0 0.003545 0.010152 0.231776 -0.001929 0.174546 0.001856 0.000073 0.000278 0.000613 0.004236 0.003097 -0.000517 -0.062766
2.0 0.010897 0.020995 0.263986 -0.004266 0.167827 0.003845 -0.000063 0.001372 0.001595 0.010171 0.004074 -0.001007 -0.124081
3.0 0.017634 0.028948 0.257136 -0.005979 0.140394 0.004193 0.000128 0.002350 0.002454 0.015856 0.003967 -0.000987 -0.119072
4.0 0.024142 0.034810 0.239562 -0.007316 0.139255 0.004563 0.000886 0.002136 0.002548 0.020834 0.003843 -0.000968 -0.112012
5.0 0.031101 0.038401 0.242720 -0.008749 0.154612 0.005579 0.001963 0.001039 0.002014 0.024482 0.003324 -0.000847 -0.118926
6.0 0.038938 0.041325 0.251617 -0.010626 0.177127 0.006859 0.002937 -0.000468 0.001171 0.027898 0.002927 -0.000809 -0.132521
7.0 0.047750 0.043243 0.268122 -0.013270 0.201741 0.008277 0.003715 -0.002259 0.000244 0.031061 0.002207 -0.000932 -0.148400
8.0 0.057436 0.043672 0.305348 -0.016399 0.224868 0.010191 0.004358 -0.004223 -0.000497 0.032684 0.001160 -0.001042 -0.163454
9.0 0.067953 0.047865 0.341215 -0.021231 0.247297 0.013353 0.004964 -0.006245 -0.000863 0.036587 0.000069 -0.001223 -0.177771
10.0 0.079220 0.052781 0.371783 -0.026932 0.264603 0.016968 0.005588 -0.008167 -0.001059 0.040402 -0.000951 -0.001235 -0.190828
11.0 0.091062 0.056953 0.400909 -0.033761 0.281017 0.020497 0.006276 -0.009763 -0.001177 0.042969 -0.001848 -0.001052 -0.201445
12.0 0.103445 0.060615 0.431913 -0.041450 0.299962 0.023949 0.006982 -0.010948 -0.001072 0.044260 -0.002556 -0.000732 -0.211718
13.0 0.116427 0.064423 0.463526 -0.050404 0.320878 0.027591 0.007676 -0.011789 -0.000723 0.044925 -0.003257 -0.000351 -0.222613
14.0 0.130030 0.068987 0.493661 -0.059986 0.342329 0.031806 0.008370 -0.012426 -0.000217 0.045746 -0.004292 0.000066 -0.234147
15.0 0.144311 0.074832 0.524214 -0.070171 0.365739 0.037039 0.009037 -0.013047 0.000339 0.047269 -0.005805 0.000541 -0.246918
16.0 0.159397 0.082595 0.554796 -0.081447 0.391366 0.043614 0.009639 -0.013798 0.000877 0.049798 -0.007535 0.001048 -0.261569
17.0 0.175309 0.091038 0.579244 -0.094384 0.414493 0.051427 0.010145 -0.014703 0.001357 0.051858 -0.009047 0.001469 -0.275789
18.0 0.191841 0.099746 0.596552 -0.107521 0.432194 0.059857 0.010587 -0.015708 0.001756 0.053263 -0.010008 0.001687 -0.287101
19.0 0.208888 0.110051 0.612059 -0.119280 0.448651 0.069042 0.010953 -0.016866 0.002037 0.055506 -0.010620 0.001689 -0.297233
20.0 0.226450 0.121395 0.629730 -0.132441 0.464187 0.079439 0.011204 -0.018203 0.002356 0.057946 -0.011347 0.001678 -0.307468
21.0 0.244491 0.133472 0.653572 -0.147046 0.480252 0.091229 0.011325 -0.019749 0.002805 0.060155 -0.012293 0.001886 -0.317368
22.0 0.263073 0.146291 0.684381 -0.162971 0.499162 0.104453 0.011329 -0.021443 0.003421 0.061874 -0.013343 0.002292 -0.328012
23.0 0.282335 0.160112 0.721856 -0.178069 0.521595 0.119075 0.011213 -0.023143 0.004255 0.063197 -0.014486 0.002858 -0.341537
24.0 0.302427 0.175217 0.762680 -0.195112 0.547053 0.135044 0.010986 -0.024834 0.005329 0.064428 -0.015737 0.003538 -0.357860
25.0 0.323434 0.191365 0.803526 -0.213672 0.573845 0.152050 0.010697 -0.026562 0.006605 0.065713 -0.017138 0.004234 -0.375184
26.0 0.345374 0.208494 0.842761 -0.234640 0.601284 0.169852 0.010378 -0.028347 0.008046 0.067321 -0.018756 0.004855 -0.392359
27.0 0.368328 0.226871 0.880133 -0.252554 0.629062 0.188511 0.010056 -0.030153 0.009652 0.069440 -0.020636 0.005327 -0.410719
28.0 0.392295 0.246603 0.916106 -0.272947 0.656641 0.208099 0.009716 -0.031945 0.011464 0.072024 -0.022756 0.005660 -0.430594
29.0 0.417201 0.267606 0.951445 -0.295892 0.683720 0.228504 0.009348 -0.033728 0.013494 0.075000 -0.025011 0.005934 -0.449418
30.0 0.443067 0.289825 0.986097 -0.316931 0.709935 0.249681 0.008956 -0.035457 0.015738 0.078230 -0.027322 0.006233 -0.468282
31.0 0.469898 0.313181 1.020073 -0.339115 0.735064 0.271628 0.008553 -0.037056 0.018184 0.081494 -0.029622 0.006613 -0.487760
32.0 0.497636 0.337510 1.011839 -0.364502 0.759195 0.294156 0.008176 -0.038512 0.020847 0.084610 -0.031768 0.007112 -0.505625
33.0 0.516840 0.318148 0.713798 -0.372687 0.404086 0.299405 0.003154 -0.036358 0.020016 0.074646 -0.042714 0.010402 -0.395995
34.0 0.523958 0.302723 0.426859 -0.365975 0.170001 0.311859 -0.000382 -0.036636 0.018013 0.059328 -0.049459 0.001093 -0.176953
35.0 0.521917 0.299495 0.253661 -0.360927 -0.001740 0.328775 -0.003868 -0.032670 0.020226 0.031838 -0.044807 0.001143 -0.039237
36.0 0.516220 0.318955 0.210664 -0.360374 -0.041757 0.338806 -0.006749 -0.024917 0.025353 0.023561 -0.037100 0.004524 0.024765
37.0 0.511073 0.336947 0.231958 -0.359609 -0.024654 0.341446 -0.007891 -0.018411 0.030634 0.023493 -0.032324 0.006392 0.018617
38.0 0.507885 0.346261 0.291049 -0.361190 0.021020 0.341563 -0.008169 -0.014219 0.035101 0.022578 -0.030592 0.007754 -0.011967
39.0 0.507172 0.351209 0.355391 -0.361898 0.082464 0.342524 -0.008269 -0.011636 0.038958 0.020194 -0.030562 0.008331 -0.052675
40.0 0.509163 0.358862 0.398462 -0.365800 0.140014 0.344144 -0.008168 -0.009843 0.042065 0.022125 -0.031460 0.007594 -0.094461
41.0 0.513077 0.362991 0.423407 -0.367990 0.167583 0.345351 -0.007854 -0.008900 0.044507 0.022357 -0.032470 0.007503 -0.124070
42.0 0.517789 0.363215 0.434822 -0.365455 0.181252 0.348779 -0.007806 -0.008379 0.046654 0.017155 -0.033187 0.007294 -0.140498
43.0 0.522989 0.367431 0.441327 -0.366731 0.190381 0.355236 -0.008465 -0.007886 0.048935 0.013149 -0.033539 0.007194 -0.150690
44.0 0.528798 0.375566 0.447348 -0.368698 0.197887 0.363170 -0.009785 -0.007300 0.051147 0.011609 -0.033275 0.007146 -0.158615
45.0 0.535184 0.384732 0.451480 -0.368684 0.201544 0.370943 -0.011423 -0.006576 0.053212 0.011106 -0.032530 0.007282 -0.167304
46.0 0.541956 0.392258 0.452432 -0.369440 0.199878 0.377287 -0.013068 -0.005616 0.055168 0.010112 -0.031624 0.007554 -0.173385
47.0 0.548776 0.397240 0.450766 -0.367849 0.194333 0.381410 -0.014503 -0.004266 0.056973 0.008188 -0.030563 0.007694 -0.176276
48.0 0.555450 0.401554 0.449748 -0.367661 0.186914 0.383241 -0.015658 -0.002515 0.058620 0.007189 -0.029322 0.007750 -0.176592
49.0 0.561933 0.405886 0.452147 -0.369324 0.180225 0.383195 -0.016456 -0.000631 0.060181 0.007828 -0.028230 0.007918 -0.174765
50.0 0.568306 0.409691 0.457989 -0.374034 0.175967 0.381815 -0.016911 0.001150 0.061717 0.009300 -0.027380 0.008393 -0.171379
51.0 0.574582 0.411939 0.465667 -0.375388 0.173531 0.379628 -0.017324 0.002829 0.063300 0.010317 -0.026811 0.009264 -0.169473
52.0 0.580812 0.413021 0.473674 -0.377766 0.175557 0.377271 -0.017856 0.004537 0.064767 0.010808 -0.026507 0.010112 -0.170299
53.0 0.587098 0.413731 0.480112 -0.383089 0.181132 0.374793 -0.018520 0.006308 0.066012 0.011472 -0.026334 0.010467 -0.171295
54.0 0.593461 0.414169 0.484679 -0.388951 0.186263 0.372077 -0.019324 0.008081 0.066975 0.012534 -0.026174 0.010363 -0.171141
55.0 0.599828 0.413967 0.488108 -0.389101 0.188915 0.369263 -0.020263 0.009735 0.067543 0.013661 -0.025972 0.009954 -0.171846
56.0 0.606073 0.412806 0.491214 -0.388834 0.189447 0.366557 -0.021340 0.011241 0.067652 0.014506 -0.025809 0.009517 -0.173374
57.0 0.612088 0.410774 0.495211 -0.391023 0.188703 0.364003 -0.022530 0.012617 0.067334 0.014975 -0.025625 0.009295 -0.172227
58.0 0.617832 0.408022 0.499529 -0.391768 0.187188 0.361466 -0.023787 0.013944 0.066554 0.015104 -0.025259 0.009421 -0.169357
59.0 0.623259 0.404604 0.502856 -0.396934 0.184964 0.358660 -0.025038 0.015246 0.065352 0.015124 -0.024741 0.009886 -0.164274
60.0 0.628367 0.400387 0.504262 -0.392281 0.182497 0.355336 -0.026189 0.016502 0.063752 0.015082 -0.024095 0.010595 -0.160996
61.0 0.633151 0.395299 0.503838 -0.393524 0.180244 0.351380 -0.027173 0.017671 0.061801 0.015022 -0.023404 0.011413 -0.159046
62.0 0.637599 0.389415 0.502488 -0.397656 0.178980 0.346856 -0.027930 0.018661 0.059561 0.015027 -0.022760 0.012252 -0.152627
63.0 0.641766 0.383087 0.500804 -0.394728 0.179124 0.342009 -0.028455 0.019438 0.057096 0.015206 -0.022207 0.013058 -0.148423
64.0 0.645698 0.376589 0.498949 -0.392764 0.180637 0.337125 -0.028767 0.019939 0.054456 0.015591 -0.021755 0.013784 -0.147944
65.0 0.649459 0.370049 0.496878 -0.395296 0.183200 0.332473 -0.028933 0.020183 0.051670 0.016160 -0.021503 0.014399 -0.145208
66.0 0.653051 0.363408 0.494074 -0.394662 0.186190 0.328178 -0.029028 0.020207 0.048759 0.016805 -0.021514 0.014909 -0.142362
67.0 0.656514 0.356807 0.490769 -0.394924 0.189222 0.324346 -0.029135 0.020076 0.045751 0.017487 -0.021718 0.015353 -0.140453
68.0 0.659847 0.350243 0.487883 -0.393718 0.192341 0.320982 -0.029310 0.019824 0.042667 0.018104 -0.022023 0.015795 -0.138888
69.0 0.663033 0.343685 0.485580 -0.394898 0.195049 0.318027 -0.029569 0.019431 0.039560 0.018602 -0.022366 0.016304 -0.136914
70.0 0.666040 0.337112 0.483111 -0.395910 0.196692 0.315353 -0.029914 0.018943 0.036474 0.018877 -0.022621 0.016940 -0.133432
71.0 0.668878 0.330543 0.480425 -0.393826 0.197062 0.312831 -0.030335 0.018396 0.033475 0.018866 -0.022690 0.017715 -0.130459
72.0 0.671533 0.324037 0.478047 -0.391832 0.196454 0.310376 -0.030804 0.017816 0.030594 0.018610 -0.022554 0.018628 -0.128151
73.0 0.673986 0.317696 0.476102 -0.392983 0.195296 0.307856 -0.031274 0.017261 0.027851 0.018225 -0.022224 0.019653 -0.123854
74.0 0.676272 0.311761 0.475545 -0.391424 0.194548 0.305224 -0.031731 0.016761 0.025276 0.017937 -0.021705 0.020740 -0.119352
75.0 0.678331 0.306150 0.475376 -0.392115 0.194081 0.302446 -0.032158 0.016306 0.022866 0.017801 -0.021112 0.021841 -0.116322
76.0 0.680194 0.300785 0.473938 -0.392906 0.193298 0.299609 -0.032542 0.015896 0.020593 0.017729 -0.020499 0.022909 -0.112113
77.0 0.681852 0.295434 0.469162 -0.392010 0.190795 0.296770 -0.032871 0.015510 0.018446 0.017697 -0.020117 0.023919 -0.107846
78.0 0.683241 0.289983 0.461220 -0.388942 0.186188 0.293923 -0.033150 0.015141 0.016558 0.017770 -0.020259 0.024857 -0.104001
79.0 0.684490 0.284550 0.454089 -0.383919 0.182381 0.291067 -0.033404 0.014857 0.014818 0.017831 -0.020619 0.025712 -0.100417
80.0 0.685590 0.279304 0.446745 -0.379328 0.179103 0.288237 -0.033651 0.014686 0.013178 0.017944 -0.021091 0.026467 -0.098335
81.0 0.686556 0.274390 0.439528 -0.379041 0.176387 0.285544 -0.033908 0.014644 0.011608 0.018092 -0.021590 0.027113 -0.094467
82.0 0.687354 0.269643 0.431425 -0.375578 0.173704 0.283019 -0.034172 0.014678 0.010090 0.018162 -0.022133 0.027637 -0.090743
83.0 0.688014 0.265056 0.422532 -0.371940 0.171015 0.280737 -0.034470 0.014780 0.008565 0.018140 -0.022695 0.028031 -0.088502
84.0 0.688577 0.260590 0.413527 -0.368163 0.168579 0.278743 -0.034834 0.014928 0.007007 0.018031 -0.023285 0.028280 -0.086224
85.0 0.689058 0.256210 0.405309 -0.364436 0.166724 0.277089 -0.035282 0.015101 0.005426 0.017825 -0.023950 0.028365 -0.084224
86.0 0.689481 0.251821 0.398646 -0.356210 0.165814 0.275784 -0.035819 0.015287 0.003813 0.017474 -0.024718 0.028271 -0.084898
87.0 0.689870 0.247424 0.393012 -0.351015 0.165694 0.274815 -0.036444 0.015479 0.002179 0.016966 -0.025571 0.027998 -0.086788
88.0 0.690252 0.243184 0.388416 -0.348782 0.166297 0.274234 -0.037172 0.015650 0.000566 0.016333 -0.026428 0.027587 -0.086140
89.0 0.690650 0.239260 0.385428 -0.345663 0.167601 0.274104 -0.038022 0.015765 -0.000990 0.015611 -0.027209 0.027079 -0.085098
90.0 0.691105 0.235754 0.384802 -0.341945 0.169690 0.274415 -0.039002 0.015826 -0.002463 0.014841 -0.027863 0.026523 -0.085504
91.0 0.691619 0.232743 0.386402 -0.336719 0.172330 0.275148 -0.040103 0.015862 -0.003827 0.014082 -0.028418 0.025946 -0.088047
92.0 0.692198 0.230168 0.389664 -0.336598 0.175266 0.276251 -0.041305 0.015858 -0.005062 0.013366 -0.028941 0.025383 -0.089627
93.0 0.692850 0.228031 0.393878 -0.334125 0.178163 0.277747 -0.042598 0.015817 -0.006154 0.012716 -0.029497 0.024859 -0.090363
94.0 0.693595 0.226393 0.398645 -0.333177 0.180832 0.279602 -0.043972 0.015770 -0.007087 0.012114 -0.030033 0.024367 -0.091712
95.0 0.694465 0.225269 0.402873 -0.332146 0.182778 0.281757 -0.045424 0.015776 -0.007864 0.011574 -0.030549 0.023877 -0.092138
96.0 0.695471 0.224657 0.406606 -0.329944 0.184086 0.284151 -0.046956 0.015874 -0.008499 0.011143 -0.031056 0.023372 -0.092923
97.0 0.696587 0.224453 0.410552 -0.323693 0.185178 0.286659 -0.048559 0.016092 -0.009018 0.010877 -0.031598 0.022844 -0.096554
98.0 0.697837 0.224659 0.415341 -0.325696 0.186453 0.289186 -0.050220 0.016431 -0.009452 0.010854 -0.032139 0.022287 -0.098242
99.0 0.699238 0.225243 0.420547 -0.323063 0.188015 0.291679 -0.051937 0.016883 -0.009852 0.011108 -0.032637 0.021662 -0.098567
100.0 0.700758 0.226173 0.425432 -0.321354 0.189735 0.294129 -0.053695 0.017411 -0.010272 0.011635 -0.033036 0.020955 -0.101527
101.0 0.702385 0.227424 0.429289 -0.323381 0.191387 0.296536 -0.055480 0.017984 -0.010759 0.012429 -0.033286 0.020174 -0.102541
102.0 0.704133 0.228860 0.431642 -0.322878 0.192746 0.298882 -0.057278 0.018580 -0.011346 0.013455 -0.033434 0.019336 -0.102852
103.0 0.706005 0.230381 0.433804 -0.321923 0.194282 0.301181 -0.059064 0.019191 -0.012071 0.014643 -0.033499 0.018455 -0.104650
104.0 0.707994 0.231834 0.436929 -0.321006 0.196509 0.303481 -0.060835 0.019761 -0.012960 0.015849 -0.033462 0.017544 -0.107129
105.0 0.710158 0.233350 0.440149 -0.318458 0.199107 0.305893 -0.062608 0.020278 -0.014006 0.017062 -0.033269 0.016613 -0.110438
106.0 0.712495 0.234852 0.442026 -0.317607 0.201417 0.308489 -0.064370 0.020681 -0.015195 0.018191 -0.032945 0.015679 -0.113779
107.0 0.714971 0.236297 0.442998 -0.318175 0.203503 0.311281 -0.066077 0.020972 -0.016499 0.019168 -0.032547 0.014752 -0.115548
108.0 0.717607 0.237748 0.444045 -0.318659 0.205814 0.314322 -0.067718 0.021144 -0.017871 0.019987 -0.032115 0.013835 -0.116473
109.0 0.720422 0.239240 0.445025 -0.315126 0.208313 0.317642 -0.069295 0.021177 -0.019249 0.020660 -0.031696 0.012931 -0.119527
110.0 0.723412 0.240875 0.445350 -0.314655 0.210768 0.321294 -0.070816 0.021044 -0.020561 0.021201 -0.031287 0.012039 -0.123274
111.0 0.726610 0.242756 0.445460 -0.312460 0.213184 0.325295 -0.072298 0.020728 -0.021765 0.021625 -0.030830 0.011171 -0.126255
112.0 0.730000 0.244950 0.445542 -0.313311 0.215291 0.329643 -0.073745 0.020246 -0.022849 0.021968 -0.030314 0.010357 -0.128847
113.0 0.733549 0.247577 0.445579 -0.307763 0.216831 0.334380 -0.075182 0.019643 -0.023813 0.022253 -0.029703 0.009589 -0.133367
114.0 0.737264 0.250680 0.444833 -0.307598 0.217589 0.339544 -0.076622 0.018963 -0.024680 0.022447 -0.028973 0.008876 -0.138166
115.0 0.741151 0.254262 0.442244 -0.305213 0.217119 0.345098 -0.078054 0.018278 -0.025463 0.022564 -0.028161 0.008199 -0.140867
116.0 0.745185 0.258385 0.437019 -0.304955 0.214817 0.350971 -0.079468 0.017675 -0.026149 0.022654 -0.027299 0.007552 -0.142810
117.0 0.749368 0.262923 0.431525 -0.304727 0.212169 0.357140 -0.080828 0.017193 -0.026789 0.022757 -0.026550 0.006922 -0.143075
118.0 0.753675 0.267918 0.426616 -0.303144 0.209844 0.363576 -0.082109 0.016838 -0.027371 0.022934 -0.025951 0.006341 -0.144665
119.0 0.758117 0.273323 0.421304 -0.301810 0.207493 0.370215 -0.083321 0.016628 -0.027855 0.023125 -0.025468 0.005870 -0.147383
120.0 0.762699 0.279036 0.415598 -0.302842 0.204974 0.376992 -0.084482 0.016563 -0.028225 0.023257 -0.025068 0.005543 -0.149137
121.0 0.767437 0.284960 0.410208 -0.300071 0.202358 0.383852 -0.085602 0.016642 -0.028469 0.023261 -0.024725 0.005341 -0.151747
122.0 0.772290 0.290988 0.405284 -0.296808 0.199566 0.390702 -0.086689 0.016854 -0.028585 0.023124 -0.024419 0.005194 -0.156944
123.0 0.777239 0.297009 0.400754 -0.298832 0.196626 0.397492 -0.087749 0.017207 -0.028587 0.022823 -0.024177 0.005011 -0.159779
124.0 0.782282 0.302929 0.396147 -0.296804 0.193554 0.404186 -0.088795 0.017702 -0.028512 0.022340 -0.023992 0.004714 -0.161765
125.0 0.787412 0.308639 0.390862 -0.297961 0.190285 0.410744 -0.089832 0.018327 -0.028399 0.021658 -0.023859 0.004329 -0.163804
126.0 0.792635 0.314066 0.384094 -0.295671 0.186597 0.417141 -0.090869 0.019081 -0.028268 0.020755 -0.023774 0.003888 -0.165297
127.0 0.797973 0.319211 0.376295 -0.292524 0.182739 0.423362 -0.091909 0.019947 -0.028144 0.019689 -0.023734 0.003413 -0.168161
128.0 0.803406 0.324037 0.368840 -0.290981 0.179348 0.429359 -0.092954 0.020881 -0.028046 0.018497 -0.023700 0.002902 -0.170608
129.0 0.808922 0.328583 0.362136 -0.293160 0.176535 0.435116 -0.094005 0.021842 -0.027994 0.017246 -0.023623 0.002342 -0.170669
130.0 0.814492 0.332729 0.355301 -0.290128 0.173787 0.440590 -0.095055 0.022774 -0.028010 0.015954 -0.023524 0.001763 -0.171672
131.0 0.820079 0.336324 0.348011 -0.291702 0.170845 0.445746 -0.096116 0.023635 -0.028106 0.014612 -0.023447 0.001182 -0.172699
132.0 0.825663 0.339266 0.340690 -0.291330 0.167877 0.450578 -0.097203 0.024389 -0.028277 0.013216 -0.023437 0.000602 -0.171863
133.0 0.831250 0.341608 0.334172 -0.291179 0.165261 0.455109 -0.098319 0.025062 -0.028514 0.011782 -0.023511 0.000018 -0.171365
134.0 0.836857 0.343349 0.328513 -0.287727 0.163026 0.459305 -0.099465 0.025639 -0.028823 0.010360 -0.023669 -0.000559 -0.172041
135.0 0.842464 0.344553 0.323323 -0.289180 0.160912 0.463139 -0.100637 0.026115 -0.029187 0.008992 -0.023870 -0.001128 -0.171768
136.0 0.848033 0.345220 0.318376 -0.284737 0.158804 0.466573 -0.101827 0.026462 -0.029600 0.007696 -0.024084 -0.001728 -0.171805
137.0 0.853532 0.345315 0.313552 -0.283847 0.156657 0.469556 -0.103023 0.026664 -0.030074 0.006462 -0.024270 -0.002368 -0.172671
138.0 0.858912 0.344808 0.308248 -0.284388 0.154205 0.472058 -0.104214 0.026703 -0.030611 0.005300 -0.024429 -0.003037 -0.170626
139.0 0.864136 0.343677 0.302163 -0.284534 0.151201 0.474064 -0.105384 0.026577 -0.031203 0.004196 -0.024572 -0.003727 -0.167312
140.0 0.869178 0.341842 0.295304 -0.284796 0.147566 0.475565 -0.106524 0.026264 -0.031861 0.003114 -0.024718 -0.004438 -0.163059
141.0 0.873994 0.339226 0.287969 -0.282941 0.143379 0.476565 -0.107620 0.025742 -0.032587 0.002027 -0.024901 -0.005162 -0.158811
142.0 0.878553 0.335870 0.280622 -0.280500 0.138842 0.477078 -0.108650 0.025026 -0.033388 0.000924 -0.025120 -0.005876 -0.154951
143.0 0.882814 0.331806 0.273746 -0.278631 0.134331 0.477137 -0.109596 0.024106 -0.034262 -0.000203 -0.025375 -0.006557 -0.150553
144.0 0.886765 0.327082 0.267531 -0.274489 0.130078 0.476723 -0.110434 0.022996 -0.035204 -0.001341 -0.025659 -0.007195 -0.146604
145.0 0.890382 0.321764 0.261841 -0.275411 0.126272 0.475825 -0.111145 0.021721 -0.036210 -0.002468 -0.025959 -0.007794 -0.141213
146.0 0.893684 0.315854 0.256757 -0.273821 0.123121 0.474420 -0.111712 0.020304 -0.037278 -0.003591 -0.026288 -0.008353 -0.134407
147.0 0.896653 0.309389 0.251992 -0.271048 0.120682 0.472535 -0.112130 0.018749 -0.038418 -0.004686 -0.026662 -0.008888 -0.129714
148.0 0.899316 0.302506 0.247624 -0.268967 0.119040 0.470215 -0.112391 0.017084 -0.039629 -0.005722 -0.027052 -0.009429 -0.125341
149.0 0.901679 0.295289 0.243912 -0.267977 0.118262 0.467456 -0.112491 0.015350 -0.040905 -0.006673 -0.027448 -0.009961 -0.120476
150.0 0.903768 0.287858 0.241254 -0.264924 0.118416 0.464278 -0.112431 0.013597 -0.042246 -0.007522 -0.027820 -0.010479 -0.116527
151.0 0.905597 0.280266 0.239701 -0.263390 0.119378 0.460693 -0.112206 0.011850 -0.043636 -0.008286 -0.028150 -0.010981 -0.113444
152.0 0.907184 0.272574 0.238948 -0.262600 0.120865 0.456690 -0.111803 0.010150 -0.045063 -0.008964 -0.028435 -0.011488 -0.109613
153.0 0.908547 0.264850 0.238894 -0.260426 0.122691 0.452290 -0.111216 0.008498 -0.046503 -0.009552 -0.028667 -0.012004 -0.106330
154.0 0.909685 0.257156 0.239650 -0.263080 0.124823 0.447510 -0.110431 0.006921 -0.047929 -0.010080 -0.028835 -0.012544 -0.101623
155.0 0.910626 0.249593 0.241122 -0.258608 0.127198 0.442425 -0.109457 0.005414 -0.049316 -0.010533 -0.028940 -0.013097 -0.098194
156.0 0.911381 0.242258 0.243095 -0.256925 0.129740 0.437103 -0.108305 0.003969 -0.050631 -0.010891 -0.028987 -0.013661 -0.097213
157.0 0.911974 0.235262 0.245296 -0.254391 0.132363 0.431646 -0.106991 0.002570 -0.051840 -0.011133 -0.028990 -0.014224 -0.095461
158.0 0.912415 0.228679 0.247387 -0.254735 0.134898 0.426141 -0.105529 0.001209 -0.052903 -0.011273 -0.028966 -0.014780 -0.093015
159.0 0.912743 0.222593 0.249602 -0.250967 0.137500 0.420672 -0.103941 -0.000121 -0.053786 -0.011323 -0.028907 -0.015337 -0.091301
160.0 0.912996 0.217125 0.251891 -0.251874 0.140161 0.415350 -0.102255 -0.001431 -0.054452 -0.011288 -0.028799 -0.015889 -0.089632
161.0 0.913202 0.212380 0.253773 -0.249889 0.142610 0.410267 -0.100493 -0.002725 -0.054876 -0.011173 -0.028621 -0.016435 -0.087446
162.0 0.913354 0.208438 0.254898 -0.248984 0.144627 0.405495 -0.098681 -0.004004 -0.055047 -0.010968 -0.028355 -0.016973 -0.086670
163.0 0.913472 0.205395 0.255352 -0.248566 0.146255 0.401088 -0.096842 -0.005224 -0.054961 -0.010657 -0.028008 -0.017494 -0.085403
164.0 0.913565 0.203299 0.255204 -0.245588 0.147588 0.397120 -0.094997 -0.006365 -0.054626 -0.010242 -0.027591 -0.017997 -0.085707
165.0 0.913658 0.202099 0.254231 -0.246353 0.148518 0.393612 -0.093157 -0.007404 -0.054055 -0.009747 -0.027149 -0.018481 -0.085800
166.0 0.913786 0.201707 0.251896 -0.240401 0.148644 0.390578 -0.091339 -0.008322 -0.053267 -0.009219 -0.026724 -0.018955 -0.087362
167.0 0.913972 0.202127 0.248737 -0.238662 0.148119 0.388010 -0.089541 -0.009087 -0.052272 -0.008628 -0.026355 -0.019426 -0.090083
