Heating 26.807273 71.171171 24.555021 77.477477 4 6.000000
44 46 39 60
0.0 0.000000 0.000000 0.000000 -0.000000 -0.000000 0.000000 0.000000 0.000000 0.000000 0.000000 0.000000 -0.000000 0.000000
1.0 0.003467 0.009577 0.226529 -0.001780 0.170347 0.002350 -0.000090 0.000303 0.000383 0.004572 0.002059 -0.000459 -0.061108
2.0 0.010556 0.020656 0.256611 -0.004455 0.159837 0.004732 -0.000350 0.001447 0.000872 0.010917 0.003039 -0.000950 -0.119669
3.0 0.016896 0.028568 0.250398 -0.006430 0.130785 0.004452 0.000166 0.002543 0.001590 0.016740 0.003076 -0.001275 -0.112650
4.0 0.023012 0.034238 0.229715 -0.008109 0.132673 0.003902 0.001491 0.002800 0.001538 0.022159 0.002349 -0.001364 -0.105617
5.0 0.029671 0.038554 0.230340 -0.010319 0.149465 0.004167 0.002765 0.002623 0.000972 0.026680 0.001348 -0.001353 -0.113618
6.0 0.037166 0.042322 0.241719 -0.013079 0.169613 0.004847 0.003784 0.002353 0.000167 0.030851 0.000321 -0.001396 -0.126947
7.0 0.045561 0.045174 0.262510 -0.016608 0.194774 0.005696 0.004663 0.002205 -0.000653 0.034114 -0.000850 -0.001687 -0.142399
8.0 0.054936 0.047693 0.304961 -0.020964 0.221326 0.007289 0.005475 0.002197 -0.001270 0.036063 -0.002062 -0.002099 -0.158801
9.0 0.065258 0.053939 0.342281 -0.027458 0.245644 0.010013 0.006172 0.002326 -0.001612 0.040165 -0.003125 -0.002649 -0.175141
10.0 0.076393 0.059742 0.372854 -0.035087 0.266436 0.012723 0.006860 0.002737 -0.001833 0.043250 -0.003997 -0.003271 -0.189568
11.0 0.088191 0.064531 0.402978 -0.044102 0.288029 0.015094 0.007563 0.003562 -0.001955 0.044947 -0.004681 -0.003813 -0.201848
12.0 0.100644 0.068721 0.436704 -0.054429 0.312843 0.017349 0.008276 0.004804 -0.001939 0.045532 -0.005302 -0.004247 -0.214144
13.0 0.113814 0.073128 0.470418 -0.065887 0.338927 0.019746 0.009063 0.006368 -0.001831 0.045962 -0.006182 -0.004622 -0.226856
14.0 0.127674 0.078355 0.500515 -0.077015 0.363492 0.022559 0.009944 0.008107 -0.001742 0.047017 -0.007531 -0.004987 -0.239814
15.0 0.142228 0.084676 0.529976 -0.088940 0.389000 0.026153 0.010858 0.009848 -0.001774 0.048849 -0.009257 -0.005415 -0.253155
16.0 0.157584 0.092953 0.559542 -0.100711 0.416176 0.030950 0.011720 0.011449 -0.001951 0.051867 -0.011082 -0.005891 -0.268076
17.0 0.173784 0.102475 0.584124 -0.113881 0.440954 0.036993 0.012491 0.012879 -0.002271 0.055021 -0.012639 -0.006418 -0.283225
18.0 0.190617 0.111493 0.601635 -0.126667 0.460094 0.043610 0.013165 0.014122 -0.002699 0.056869 -0.013573 -0.007079 -0.295828
19.0 0.207952 0.121808 0.616414 -0.140229 0.478687 0.050855 0.013737 0.015148 -0.003158 0.059161 -0.013934 -0.007984 -0.306381
20.0 0.225811 0.133657 0.633239 -0.155304 0.497133 0.059337 0.014142 0.016025 -0.003482 0.061715 -0.014079 -0.008958 -0.316530
21.0 0.244216 0.146809 0.655184 -0.171025 0.515938 0.069310 0.014350 0.016760 -0.003630 0.064277 -0.014258 -0.009738 -0.327013
22.0 0.263226 0.161019 0.682264 -0.186596 0.535679 0.080939 0.014403 0.017305 -0.003627 0.066694 -0.014695 -0.010242 -0.338844
23.0 0.282899 0.176299 0.712582 -0.202448 0.556683 0.094290 0.014326 0.017782 -0.003483 0.068872 -0.015488 -0.010515 -0.352561
24.0 0.303321 0.192795 0.743986 -0.218772 0.578612 0.109219 0.014125 0.018339 -0.003188 0.070854 -0.016554 -0.010684 -0.367602
25.0 0.324539 0.210441 0.773928 -0.236292 0.600438 0.125376 0.013815 0.019045 -0.002765 0.072677 -0.017708 -0.010929 -0.383063
26.0 0.346534 0.229194 0.801982 -0.254900 0.622314 0.142423 0.013435 0.019830 -0.002231 0.074544 -0.018807 -0.011359 -0.398493
27.0 0.369344 0.249374 0.829761 -0.275011 0.645601 0.160350 0.012991 0.020594 -0.001580 0.076872 -0.019852 -0.011994 -0.414128
28.0 0.393047 0.271135 0.858155 -0.295570 0.670053 0.179296 0.012430 0.021294 -0.000807 0.079790 -0.020869 -0.012763 -0.430790
29.0 0.417684 0.294327 0.887100 -0.315320 0.694904 0.199312 0.011691 0.021940 0.000082 0.083168 -0.021867 -0.013604 -0.449490
30.0 0.443274 0.318771 0.916001 -0.336693 0.719090 0.220432 0.010731 0.022589 0.001072 0.086771 -0.022824 -0.014480 -0.468772
31.0 0.469823 0.344175 0.944494 -0.358322 0.741959 0.242670 0.009525 0.023304 0.002147 0.090257 -0.023729 -0.015395 -0.487165
32.0 0.497320 0.370382 0.931068 -0.379620 0.763294 0.266000 0.008064 0.024112 0.003322 0.093481 -0.024597 -0.016368 -0.505077
33.0 0.515679 0.318783 0.623073 -0.375428 0.392922 0.265998 0.002490 0.027140 0.000640 0.057774 -0.035259 -0.014599 -0.382807
34.0 0.520835 0.300031 0.319906 -0.361423 0.145041 0.282778 -0.003296 0.027536 -0.002244 0.034018 -0.038761 -0.025148 -0.148840
35.0 0.516748 0.305833 0.145457 -0.352381 -0.038550 0.306919 -0.010056 0.031088 0.000621 0.010909 -0.033648 -0.026386 -0.006206
36.0 0.508987 0.328788 0.106649 -0.348877 -0.084841 0.321355 -0.015246 0.036959 0.005799 0.006237 -0.026317 -0.022699 0.057465
37.0 0.502140 0.345717 0.135756 -0.348314 -0.055838 0.326506 -0.018111 0.040776 0.009891 0.009057 -0.022402 -0.019692 0.048101
38.0 0.497917 0.353427 0.201399 -0.351368 0.006577 0.328604 -0.020155 0.042254 0.012741 0.010847 -0.020864 -0.018253 0.010095
39.0 0.496721 0.355853 0.273211 -0.349964 0.077884 0.331344 -0.022167 0.042348 0.014881 0.011017 -0.021571 -0.018714 -0.037296
40.0 0.498167 0.359528 0.315037 -0.352273 0.127715 0.334777 -0.023714 0.041660 0.016352 0.013931 -0.023479 -0.021449 -0.077720
41.0 0.500912 0.358225 0.332287 -0.352593 0.143217 0.338663 -0.024982 0.040534 0.017201 0.011712 -0.024904 -0.023777 -0.097331
42.0 0.503894 0.355822 0.336027 -0.347917 0.148598 0.346153 -0.026892 0.039193 0.017456 0.005204 -0.025292 -0.025453 -0.104206
43.0 0.507131 0.359709 0.335166 -0.346394 0.151588 0.356481 -0.029601 0.038039 0.017371 0.002426 -0.025006 -0.026443 -0.108867
44.0 0.510789 0.366543 0.334640 -0.344637 0.153490 0.367438 -0.032863 0.037131 0.016977 0.002078 -0.024218 -0.027038 -0.114139
45.0 0.514835 0.373238 0.333643 -0.343639 0.152415 0.377438 -0.036394 0.036557 0.016371 0.002377 -0.023112 -0.027263 -0.119191
46.0 0.519100 0.377754 0.330350 -0.337250 0.147547 0.385585 -0.039909 0.036378 0.015724 0.001943 -0.021966 -0.027119 -0.123720
47.0 0.523355 0.379093 0.325935 -0.336541 0.140945 0.391376 -0.043231 0.036686 0.015063 0.000104 -0.020904 -0.026814 -0.124765
48.0 0.527447 0.378612 0.321843 -0.337708 0.133391 0.394539 -0.046184 0.037427 0.014324 -0.001524 -0.019970 -0.026442 -0.119535
49.0 0.531304 0.378266 0.319826 -0.332699 0.125776 0.395254 -0.048562 0.038271 0.013395 -0.000892 -0.019202 -0.025954 -0.115767
50.0 0.534961 0.377860 0.321204 -0.330054 0.121186 0.394397 -0.050422 0.038929 0.012271 0.001350 -0.018665 -0.025315 -0.115276
51.0 0.538489 0.375783 0.325761 -0.333603 0.119920 0.392713 -0.052006 0.039377 0.010916 0.003011 -0.018228 -0.024229 -0.112547
52.0 0.541911 0.371904 0.331282 -0.331171 0.122118 0.390539 -0.053337 0.039655 0.009212 0.003662 -0.017827 -0.022948 -0.111516
53.0 0.545238 0.366565 0.335210 -0.333941 0.126302 0.387620 -0.054317 0.039775 0.007191 0.003856 -0.017560 -0.022060 -0.111765
54.0 0.548434 0.360157 0.338849 -0.336863 0.129632 0.383577 -0.054942 0.039845 0.004906 0.004145 -0.017375 -0.021513 -0.108573
55.0 0.551415 0.353121 0.342579 -0.334599 0.132768 0.378265 -0.055194 0.039742 0.002412 0.004951 -0.017056 -0.021022 -0.106988
56.0 0.554187 0.345616 0.346549 -0.338601 0.135886 0.371986 -0.055039 0.039334 -0.000198 0.006107 -0.016574 -0.020318 -0.104248
57.0 0.556716 0.337552 0.350610 -0.344329 0.138768 0.365168 -0.054497 0.038562 -0.002844 0.007256 -0.016092 -0.019153 -0.097479
58.0 0.559018 0.329152 0.354044 -0.344851 0.140476 0.358270 -0.053661 0.037614 -0.005438 0.008000 -0.015633 -0.017470 -0.091657
59.0 0.561036 0.320403 0.355876 -0.343936 0.140602 0.351370 -0.052647 0.036603 -0.007889 0.008133 -0.015167 -0.015378 -0.088355
60.0 0.562767 0.311417 0.355647 -0.339623 0.139707 0.344332 -0.051499 0.035643 -0.010149 0.007798 -0.014708 -0.013117 -0.086192
61.0 0.564210 0.302296 0.353269 -0.340565 0.138343 0.337014 -0.050231 0.034736 -0.012190 0.007321 -0.014354 -0.010901 -0.082236
62.0 0.565342 0.293228 0.349695 -0.339353 0.137290 0.329401 -0.048855 0.033839 -0.013984 0.007005 -0.014177 -0.008776 -0.076720
63.0 0.566183 0.284500 0.345623 -0.340866 0.137235 0.321602 -0.047375 0.032903 -0.015512 0.007111 -0.014230 -0.006735 -0.071536
64.0 0.566804 0.276325 0.341627 -0.338199 0.138513 0.313845 -0.045807 0.031895 -0.016766 0.007650 -0.014492 -0.004750 -0.068042
65.0 0.567275 0.268832 0.338557 -0.340630 0.141583 0.306389 -0.044181 0.030766 -0.017741 0.008550 -0.014952 -0.002803 -0.065670
66.0 0.567739 0.262032 0.337365 -0.335504 0.146700 0.299519 -0.042567 0.029548 -0.018455 0.009582 -0.015595 -0.000882 -0.065951
67.0 0.568301 0.255934 0.338157 -0.334343 0.153278 0.293438 -0.041063 0.028320 -0.018941 0.010472 -0.016292 0.001026 -0.069623
68.0 0.569079 0.250616 0.340210 -0.329937 0.160193 0.288356 -0.039809 0.027180 -0.019283 0.011067 -0.016894 0.002941 -0.073632
69.0 0.570059 0.245899 0.342235 -0.332754 0.166122 0.284239 -0.038834 0.026135 -0.019472 0.011294 -0.017462 0.004887 -0.076139
70.0 0.571257 0.241767 0.344299 -0.331579 0.170739 0.280927 -0.038067 0.025243 -0.019475 0.011276 -0.018137 0.006878 -0.076401
71.0 0.572603 0.238100 0.347952 -0.331586 0.174976 0.278206 -0.037437 0.024458 -0.019289 0.011120 -0.018959 0.008895 -0.078324
72.0 0.574107 0.235001 0.353717 -0.331839 0.179411 0.275970 -0.036913 0.023800 -0.018917 0.010882 -0.019821 0.010887 -0.079894
73.0 0.575767 0.232538 0.361068 -0.328208 0.184106 0.274130 -0.036496 0.023247 -0.018373 0.010633 -0.020602 0.012787 -0.084056
74.0 0.577588 0.230775 0.369932 -0.328218 0.189405 0.272649 -0.036213 0.022754 -0.017662 0.010491 -0.021244 0.014526 -0.089291
75.0 0.579578 0.229643 0.379442 -0.329591 0.195150 0.271507 -0.036070 0.022353 -0.016818 0.010430 -0.021758 0.016050 -0.092952
76.0 0.581746 0.228997 0.386823 -0.328840 0.200012 0.270684 -0.036078 0.022048 -0.015884 0.010394 -0.022166 0.017312 -0.097019
77.0 0.584032 0.228576 0.388909 -0.330958 0.201856 0.270135 -0.036232 0.021814 -0.014873 0.010372 -0.022640 0.018289 -0.099334
78.0 0.586476 0.228205 0.388563 -0.327410 0.202068 0.269865 -0.036534 0.021676 -0.013822 0.010400 -0.023381 0.018977 -0.100256
79.0 0.589034 0.227736 0.389062 -0.330306 0.202776 0.269809 -0.036981 0.021625 -0.012774 0.010518 -0.024461 0.019373 -0.100241
80.0 0.591639 0.227181 0.390748 -0.326919 0.204369 0.269875 -0.037551 0.021648 -0.011775 0.010743 -0.025759 0.019491 -0.101015
81.0 0.594269 0.226589 0.392762 -0.330348 0.206324 0.270002 -0.038222 0.021733 -0.010848 0.011004 -0.027079 0.019362 -0.101986
82.0 0.596899 0.225960 0.395103 -0.329153 0.208545 0.270149 -0.038975 0.021835 -0.010018 0.011272 -0.028303 0.019032 -0.102113
83.0 0.599503 0.225342 0.397979 -0.336042 0.211138 0.270355 -0.039799 0.021905 -0.009302 0.011594 -0.029411 0.018539 -0.100845
84.0 0.602120 0.224695 0.401932 -0.333892 0.214424 0.270659 -0.040690 0.021916 -0.008721 0.011937 -0.030406 0.017918 -0.100127
85.0 0.604753 0.224044 0.406894 -0.335634 0.218473 0.271088 -0.041638 0.021851 -0.008282 0.012309 -0.031283 0.017201 -0.102550
86.0 0.607399 0.223270 0.412653 -0.339194 0.223266 0.271611 -0.042626 0.021690 -0.007997 0.012677 -0.032085 0.016407 -0.102755
87.0 0.610056 0.222363 0.418868 -0.339510 0.228716 0.272263 -0.043652 0.021451 -0.007873 0.012986 -0.032813 0.015572 -0.104187
88.0 0.612767 0.221351 0.424883 -0.342538 0.234351 0.273075 -0.044733 0.021142 -0.007895 0.013217 -0.033454 0.014731 -0.105833
89.0 0.615592 0.220361 0.431122 -0.343546 0.240072 0.274025 -0.045884 0.020780 -0.008030 0.013413 -0.033942 0.013907 -0.106741
90.0 0.618529 0.219602 0.438106 -0.341833 0.245880 0.275132 -0.047090 0.020349 -0.008248 0.013665 -0.034207 0.013116 -0.110285
91.0 0.621623 0.219203 0.446059 -0.341823 0.251783 0.276418 -0.048314 0.019898 -0.008538 0.014089 -0.034349 0.012371 -0.114396
92.0 0.624880 0.219138 0.454367 -0.344397 0.257584 0.277876 -0.049551 0.019465 -0.008893 0.014674 -0.034434 0.011689 -0.116717
93.0 0.628323 0.219234 0.463509 -0.345894 0.263502 0.279409 -0.050794 0.019054 -0.009313 0.015401 -0.034523 0.011072 -0.118416
94.0 0.631959 0.219327 0.473444 -0.342790 0.269301 0.280897 -0.052022 0.018694 -0.009801 0.016163 -0.034604 0.010515 -0.123050
95.0 0.635852 0.219587 0.482981 -0.344389 0.274377 0.282349 -0.053249 0.018382 -0.010353 0.017067 -0.034608 0.010015 -0.126824
96.0 0.639957 0.219988 0.490404 -0.343326 0.277920 0.283739 -0.054471 0.018164 -0.010977 0.018091 -0.034558 0.009551 -0.129022
97.0 0.644179 0.220404 0.495002 -0.341115 0.279632 0.284996 -0.055681 0.017994 -0.011695 0.019227 -0.034438 0.009109 -0.132304
98.0 0.648497 0.220904 0.496914 -0.340188 0.279648 0.286138 -0.056873 0.017770 -0.012529 0.020591 -0.034194 0.008667 -0.133988
99.0 0.652877 0.221538 0.496745 -0.339851 0.278453 0.287285 -0.058035 0.017502 -0.013511 0.022162 -0.033864 0.008191 -0.133638
100.0 0.657325 0.222251 0.494842 -0.331871 0.276458 0.288543 -0.059139 0.017227 -0.014668 0.023775 -0.033487 0.007696 -0.135849
101.0 0.661870 0.222934 0.491315 -0.325013 0.273781 0.289985 -0.060175 0.016895 -0.016013 0.025292 -0.033049 0.007171 -0.140345
102.0 0.666557 0.223762 0.486442 -0.321778 0.270689 0.291638 -0.061115 0.016512 -0.017507 0.026730 -0.032496 0.006612 -0.141586
103.0 0.671236 0.225137 0.479989 -0.321134 0.267259 0.293638 -0.061931 0.016191 -0.019091 0.027996 -0.031665 0.006005 -0.140840
104.0 0.675842 0.227323 0.472178 -0.320867 0.263675 0.296096 -0.062580 0.015982 -0.020651 0.028985 -0.030510 0.005361 -0.139534
105.0 0.680368 0.230462 0.463689 -0.321056 0.260324 0.299114 -0.063018 0.015888 -0.022043 0.029658 -0.029137 0.004714 -0.138762
106.0 0.684927 0.234703 0.455318 -0.319078 0.257557 0.302897 -0.063260 0.015847 -0.023157 0.030012 -0.027636 0.004098 -0.139386
107.0 0.689625 0.239985 0.447850 -0.316100 0.255720 0.307485 -0.063380 0.015734 -0.023928 0.030247 -0.026173 0.003561 -0.142642
108.0 0.694528 0.246141 0.441773 -0.316742 0.254904 0.312873 -0.063483 0.015474 -0.024361 0.030542 -0.024903 0.003137 -0.146074
109.0 0.699727 0.253027 0.437189 -0.315081 0.255004 0.319042 -0.063677 0.015072 -0.024506 0.031010 -0.023913 0.002847 -0.150030
110.0 0.705228 0.260372 0.433309 -0.317257 0.255283 0.325811 -0.064035 0.014601 -0.024427 0.031651 -0.023230 0.002709 -0.154443
111.0 0.711021 0.267695 0.429193 -0.317091 0.255092 0.332905 -0.064584 0.014174 -0.024228 0.032307 -0.022880 0.002707 -0.158410
112.0 0.717080 0.274573 0.424594 -0.314117 0.254068 0.340069 -0.065348 0.013840 -0.024002 0.032855 -0.022841 0.002766 -0.164377
113.0 0.723336 0.280832 0.419137 -0.313626 0.251837 0.347145 -0.066315 0.013645 -0.023769 0.033159 -0.023032 0.002808 -0.169522
114.0 0.729748 0.286427 0.412263 -0.310250 0.248038 0.354123 -0.067483 0.013618 -0.023532 0.033073 -0.023370 0.002838 -0.173154
115.0 0.736247 0.291360 0.403938 -0.307887 0.242702 0.360975 -0.068824 0.013779 -0.023302 0.032495 -0.023763 0.002813 -0.176033
116.0 0.742768 0.295636 0.394859 -0.308131 0.236348 0.367668 -0.070301 0.014114 -0.023098 0.031405 -0.024152 0.002718 -0.175611
117.0 0.749261 0.299480 0.386274 -0.306027 0.230003 0.374176 -0.071845 0.014613 -0.022920 0.029933 -0.024476 0.002572 -0.174354
118.0 0.755732 0.303040 0.378871 -0.303679 0.224221 0.380497 -0.073410 0.015209 -0.022789 0.028231 -0.024698 0.002386 -0.174229
119.0 0.762187 0.306377 0.372338 -0.298582 0.219193 0.386592 -0.074944 0.015865 -0.022764 0.026469 -0.024841 0.002202 -0.175936
120.0 0.768617 0.309514 0.366559 -0.302758 0.214945 0.392442 -0.076422 0.016528 -0.022859 0.024755 -0.024931 0.002037 -0.175027
121.0 0.775075 0.312498 0.361345 -0.297189 0.211404 0.398049 -0.077847 0.017204 -0.023069 0.023131 -0.024969 0.001891 -0.174507
122.0 0.781592 0.315386 0.356505 -0.295028 0.208444 0.403485 -0.079261 0.017895 -0.023369 0.021580 -0.024945 0.001773 -0.177457
123.0 0.788176 0.318182 0.351958 -0.293375 0.205920 0.408812 -0.080708 0.018589 -0.023716 0.020079 -0.024874 0.001683 -0.178818
124.0 0.794841 0.320835 0.347568 -0.291684 0.203703 0.414053 -0.082219 0.019301 -0.024074 0.018589 -0.024814 0.001596 -0.180110
125.0 0.801551 0.323259 0.343106 -0.291399 0.201629 0.419175 -0.083806 0.020007 -0.024423 0.017114 -0.024808 0.001483 -0.181032
126.0 0.808263 0.325318 0.338435 -0.290173 0.199468 0.424143 -0.085471 0.020693 -0.024763 0.015598 -0.024881 0.001315 -0.181747
127.0 0.814964 0.326912 0.333636 -0.290386 0.197156 0.428958 -0.087220 0.021332 -0.025109 0.013998 -0.025048 0.001068 -0.181733
128.0 0.821638 0.327975 0.328842 -0.289811 0.194627 0.433592 -0.089048 0.021918 -0.025491 0.012299 -0.025296 0.000735 -0.180745
129.0 0.828254 0.328467 0.323986 -0.289884 0.191884 0.438009 -0.090948 0.022434 -0.025940 0.010507 -0.025595 0.000322 -0.179233
130.0 0.834775 0.328408 0.319051 -0.287652 0.188861 0.442183 -0.092904 0.022872 -0.026481 0.008652 -0.025915 -0.000159 -0.177949
131.0 0.841170 0.327818 0.314028 -0.287321 0.185579 0.446097 -0.094902 0.023224 -0.027134 0.006767 -0.026234 -0.000686 -0.176269
132.0 0.847394 0.326702 0.308931 -0.285094 0.182100 0.449743 -0.096921 0.023466 -0.027907 0.004885 -0.026564 -0.001229 -0.174138
133.0 0.853441 0.325134 0.303993 -0.285544 0.178601 0.453155 -0.098947 0.023592 -0.028800 0.003030 -0.026896 -0.001759 -0.171081
134.0 0.859300 0.323218 0.299280 -0.283104 0.175166 0.456365 -0.100964 0.023596 -0.029805 0.001241 -0.027216 -0.002252 -0.167862
135.0 0.864978 0.321041 0.294854 -0.280656 0.171858 0.459381 -0.102959 0.023469 -0.030901 -0.000434 -0.027514 -0.002686 -0.165867
136.0 0.870479 0.318690 0.290947 -0.278279 0.168778 0.462198 -0.104921 0.023215 -0.032067 -0.001964 -0.027772 -0.003053 -0.163834
137.0 0.875787 0.316197 0.287629 -0.279147 0.165936 0.464773 -0.106830 0.022861 -0.033274 -0.003362 -0.027970 -0.003355 -0.160425
138.0 0.880902 0.313612 0.284872 -0.278854 0.163283 0.467104 -0.108686 0.022439 -0.034497 -0.004637 -0.028112 -0.003611 -0.156111
139.0 0.885826 0.310979 0.282297 -0.277047 0.160669 0.469173 -0.110478 0.021984 -0.035718 -0.005805 -0.028176 -0.003843 -0.153198
140.0 0.890566 0.308305 0.279811 -0.276121 0.158163 0.470970 -0.112199 0.021516 -0.036927 -0.006873 -0.028181 -0.004057 -0.150603
141.0 0.895131 0.305567 0.277755 -0.276395 0.155927 0.472483 -0.113828 0.021048 -0.038110 -0.007870 -0.028156 -0.004259 -0.147052
142.0 0.899532 0.302723 0.276290 -0.273111 0.154090 0.473686 -0.115350 0.020581 -0.039266 -0.008802 -0.028126 -0.004458 -0.144831
143.0 0.903763 0.299790 0.275461 -0.272974 0.152650 0.474557 -0.116738 0.020106 -0.040392 -0.009654 -0.028089 -0.004660 -0.143174
144.0 0.907857 0.296758 0.275478 -0.271470 0.151602 0.475095 -0.117979 0.019617 -0.041489 -0.010438 -0.028048 -0.004916 -0.140635
145.0 0.911790 0.293620 0.276406 -0.270421 0.150872 0.475282 -0.119053 0.019111 -0.042550 -0.011162 -0.028008 -0.005255 -0.138934
146.0 0.915559 0.290419 0.278145 -0.269164 0.150549 0.475119 -0.119946 0.018572 -0.043578 -0.011784 -0.027963 -0.005667 -0.137323
147.0 0.919173 0.287186 0.280410 -0.269202 0.150678 0.474617 -0.120648 0.017995 -0.044573 -0.012302 -0.027903 -0.006152 -0.135418
148.0 0.922658 0.283959 0.282822 -0.268599 0.151180 0.473820 -0.121159 0.017376 -0.045533 -0.012722 -0.027823 -0.006700 -0.133290
149.0 0.926060 0.280787 0.284855 -0.264341 0.151906 0.472770 -0.121491 0.016720 -0.046447 -0.013030 -0.027734 -0.007303 -0.133228
150.0 0.929401 0.277709 0.286111 -0.262364 0.152654 0.471497 -0.121656 0.016038 -0.047303 -0.013246 -0.027621 -0.007948 -0.133824
151.0 0.932669 0.274755 0.286019 -0.261140 0.153053 0.470042 -0.121663 0.015370 -0.048091 -0.013438 -0.027466 -0.008616 -0.132906
152.0 0.935878 0.271998 0.285227 -0.259287 0.153164 0.468487 -0.121524 0.014737 -0.048789 -0.013677 -0.027236 -0.009312 -0.131638
153.0 0.939024 0.269552 0.284493 -0.259201 0.153225 0.466924 -0.121254 0.014145 -0.049370 -0.013988 -0.026906 -0.010018 -0.129894
154.0 0.942113 0.267481 0.283593 -0.255030 0.153172 0.465393 -0.120858 0.013614 -0.049818 -0.014339 -0.026510 -0.010714 -0.129518
155.0 0.945144 0.265873 0.282160 -0.255475 0.152921 0.463958 -0.120342 0.013146 -0.050107 -0.014654 -0.026128 -0.011388 -0.129177
156.0 0.948110 0.264803 0.280170 -0.256347 0.152408 0.462680 -0.119720 0.012740 -0.050228 -0.014857 -0.025812 -0.012048 -0.126645
157.0 0.950998 0.264284 0.277240 -0.253876 0.151440 0.461567 -0.119006 0.012396 -0.050174 -0.014955 -0.025544 -0.012692 -0.125881
158.0 0.953853 0.264408 0.273681 -0.253798 0.150100 0.460658 -0.118222 0.012116 -0.049939 -0.014945 -0.025261 -0.013308 -0.125437
159.0 0.956705 0.265178 0.269672 -0.251754 0.148579 0.459976 -0.117396 0.011906 -0.049532 -0.014836 -0.024938 -0.013880 -0.124949
160.0 0.959580 0.266545 0.265863 -0.247371 0.147161 0.459517 -0.116549 0.011778 -0.048975 -0.014619 -0.024608 -0.014418 -0.127016
161.0 0.962511 0.268346 0.262279 -0.247899 0.145899 0.459261 -0.115706 0.011712 -0.048290 -0.014316 -0.024315 -0.014933 -0.128223
162.0 0.965490 0.270374 0.258820 -0.245983 0.144675 0.459164 -0.114859 0.011712 -0.047509 -0.014009 -0.024125 -0.015427 -0.128690
163.0 0.968552 0.272560 0.255715 -0.245320 0.143495 0.459181 -0.114018 0.011776 -0.046660 -0.013708 -0.024011 -0.015924 -0.129728
164.0 0.971706 0.274777 0.252979 -0.242630 0.142434 0.459231 -0.113167 0.011884 -0.045776 -0.013435 -0.023961 -0.016427 -0.131248
165.0 0.974956 0.276931 0.250560 -0.241110 0.141495 0.459260 -0.112317 0.012007 -0.044874 -0.013193 -0.023953 -0.016933 -0.133274
166.0 0.978295 0.278987 0.248287 -0.240995 0.140505 0.459242 -0.111470 0.012136 -0.043969 -0.012971 -0.023980 -0.017435 -0.134012
167.0 0.981681 0.280903 0.246060 -0.238959 0.139438 0.459158 -0.110617 0.012262 -0.043081 -0.012798 -0.024021 -0.017912 -0.135177
Heating 28.609075 67.567568 26.356822 73.873874 4 6.000000
48 38 43 52
0.0 0.000000 0.000000 0.000000 -0.000000 -0.000000 0.000000 0.000000 0.000000 0.000000 0.000000 0.000000 -0.000000 -7.935180
1.0 0.003356 0.004203 0.276337 -0.001172 0.168227 0.000790 -0.000052 0.000656 -0.000363 0.000397 0.002774 0.000218 -0.058889
2.0 0.010107 0.012568 0.345555 -0.003313 0.172537 0.002375 -0.000488 0.002961 -0.000597 0.001142 0.007176 0.001133 -0.123196
3.0 0.017629 0.023629 0.333268 -0.005651 0.176387 0.003855 -0.000634 0.005608 -0.000355 0.003423 0.011733 0.001705 -0.129321
4.0 0.025675 0.032590 0.328021 -0.007835 0.182952 0.005718 -0.000531 0.007508 -0.000419 0.005528 0.014786 0.002296 -0.138665
5.0 0.034424 0.038903 0.334643 -0.010596 0.200121 0.008331 -0.000392 0.008652 -0.001279 0.006191 0.017401 0.003036 -0.150745
6.0 0.044204 0.042328 0.352766 -0.014180 0.228297 0.012015 -0.000307 0.009102 -0.002876 0.005243 0.019151 0.003765 -0.167598
7.0 0.055157 0.045208 0.383308 -0.018631 0.255570 0.016883 -0.000273 0.008891 -0.004885 0.004063 0.020527 0.004547 -0.185824
8.0 0.066878 0.048820 0.415138 -0.023449 0.269725 0.022536 -0.000322 0.008063 -0.006886 0.004282 0.021147 0.005490 -0.199877
9.0 0.078912 0.051990 0.455067 -0.028960 0.275758 0.028629 -0.000376 0.006894 -0.008725 0.004621 0.020947 0.006808 -0.206813
10.0 0.091049 0.055715 0.492218 -0.036175 0.281590 0.034526 -0.000285 0.005612 -0.010418 0.005934 0.020346 0.008475 -0.210506
11.0 0.103270 0.059739 0.525668 -0.044476 0.288103 0.039772 0.000019 0.004389 -0.011917 0.007706 0.019770 0.010599 -0.214022
12.0 0.115587 0.064374 0.555589 -0.054192 0.295125 0.044367 0.000473 0.003419 -0.013142 0.009667 0.019590 0.012966 -0.217576
13.0 0.128033 0.069732 0.583533 -0.064546 0.304267 0.048493 0.000995 0.002816 -0.014028 0.011555 0.019902 0.015392 -0.221993
14.0 0.140651 0.076200 0.608370 -0.076207 0.313478 0.052512 0.001559 0.002593 -0.014525 0.013646 0.020415 0.017844 -0.227140
15.0 0.153446 0.084106 0.630870 -0.087358 0.322555 0.056809 0.002141 0.002657 -0.014665 0.016246 0.020918 0.020312 -0.233100
16.0 0.166533 0.093806 0.651910 -0.099349 0.333379 0.061703 0.002699 0.002909 -0.014487 0.019495 0.021488 0.022737 -0.240399
17.0 0.180008 0.105292 0.671281 -0.111347 0.345001 0.067366 0.003214 0.003245 -0.014074 0.023079 0.022462 0.024993 -0.249460
18.0 0.193895 0.117538 0.688045 -0.123785 0.354350 0.073895 0.003604 0.003627 -0.013556 0.026297 0.023671 0.027118 -0.258484
19.0 0.208031 0.129169 0.699744 -0.134773 0.357724 0.081076 0.003868 0.003991 -0.013054 0.028605 0.024684 0.029169 -0.265167
20.0 0.222222 0.140069 0.709277 -0.144721 0.358059 0.088592 0.004013 0.004239 -0.012688 0.030727 0.025185 0.031118 -0.269377
21.0 0.236464 0.150642 0.723017 -0.155755 0.359469 0.096361 0.004079 0.004284 -0.012392 0.032946 0.025363 0.033257 -0.272132
22.0 0.250814 0.160902 0.741964 -0.165254 0.362808 0.104330 0.004083 0.004095 -0.012086 0.035166 0.025315 0.035818 -0.276146
23.0 0.265430 0.170999 0.765134 -0.172943 0.368589 0.112482 0.004017 0.003688 -0.011706 0.037416 0.025102 0.038861 -0.282963
24.0 0.280435 0.180781 0.790880 -0.181049 0.374892 0.120898 0.003861 0.003038 -0.011242 0.039550 0.024676 0.042359 -0.291201
25.0 0.295763 0.190144 0.816359 -0.191174 0.379881 0.129537 0.003570 0.002085 -0.010712 0.041578 0.024084 0.046149 -0.298369
26.0 0.311397 0.199068 0.840180 -0.196807 0.383340 0.138341 0.003141 0.000918 -0.010143 0.043490 0.023321 0.050007 -0.305233
27.0 0.327316 0.207525 0.861672 -0.203451 0.385661 0.147345 0.002589 -0.000477 -0.009513 0.045112 0.022470 0.053754 -0.312194
28.0 0.343466 0.215621 0.880974 -0.207401 0.387340 0.156609 0.001931 -0.002142 -0.008789 0.046457 0.021557 0.057147 -0.318900
29.0 0.359779 0.223452 0.898555 -0.214020 0.388691 0.166159 0.001187 -0.004083 -0.007994 0.047566 0.020618 0.060105 -0.324965
30.0 0.376202 0.231240 0.914965 -0.220628 0.389893 0.176016 0.000363 -0.006248 -0.007137 0.048566 0.019681 0.062650 -0.329304
31.0 0.392740 0.239114 0.931220 -0.226728 0.391350 0.186239 -0.000572 -0.008624 -0.006208 0.049616 0.018663 0.064830 -0.333556
32.0 0.409416 0.247105 0.904078 -0.232073 0.393116 0.196807 -0.001615 -0.011190 -0.005170 0.050723 0.017551 0.066709 -0.338308
33.0 0.419670 0.253505 0.581390 -0.244254 0.180444 0.204221 -0.004086 -0.009387 -0.007357 0.069978 0.000135 0.052209 -0.276344
34.0 0.421682 0.234100 0.403093 -0.244156 -0.038092 0.204811 -0.003809 -0.006189 -0.008383 0.076819 -0.029149 0.042848 -0.102211
35.0 0.415443 0.205297 0.278483 -0.235893 -0.150428 0.198778 -0.003990 -0.001152 -0.006269 0.055466 -0.037537 0.043317 0.021594
36.0 0.406232 0.191238 0.222039 -0.227616 -0.166550 0.192527 -0.004544 0.004185 -0.002335 0.036051 -0.034647 0.042820 0.075226
37.0 0.397195 0.194519 0.217370 -0.223208 -0.153730 0.187680 -0.004651 0.007517 0.002337 0.031870 -0.030233 0.041102 0.078417
38.0 0.389080 0.198076 0.233296 -0.222318 -0.131395 0.183513 -0.004420 0.008572 0.006757 0.030311 -0.026658 0.039062 0.064019
39.0 0.382246 0.199447 0.232368 -0.221101 -0.100655 0.180678 -0.004264 0.007542 0.010330 0.029789 -0.024627 0.036731 0.046408
40.0 0.376860 0.197274 0.222931 -0.221203 -0.061115 0.179291 -0.004352 0.004909 0.013312 0.026883 -0.022770 0.034689 0.024880
41.0 0.373219 0.196853 0.221025 -0.221910 -0.020672 0.180427 -0.005091 0.001569 0.016022 0.024886 -0.020961 0.032794 0.002516
42.0 0.371114 0.197950 0.228055 -0.218927 0.007830 0.184342 -0.006368 -0.002145 0.018964 0.022733 -0.019576 0.031347 -0.019470
43.0 0.370252 0.201011 0.238532 -0.216296 0.026912 0.190343 -0.008037 -0.006297 0.022268 0.021663 -0.018929 0.030115 -0.036872
44.0 0.370376 0.204008 0.258379 -0.216698 0.044691 0.197242 -0.010054 -0.010895 0.025782 0.020402 -0.018468 0.029012 -0.050381
45.0 0.371436 0.206486 0.284561 -0.210529 0.062291 0.204073 -0.012321 -0.015785 0.029427 0.018960 -0.017868 0.027940 -0.065119
46.0 0.373279 0.207335 0.304523 -0.208682 0.073586 0.210000 -0.014580 -0.020811 0.033080 0.017192 -0.017547 0.026655 -0.077799
47.0 0.375442 0.205505 0.313475 -0.209297 0.076658 0.214266 -0.016505 -0.025710 0.036563 0.014718 -0.017826 0.025070 -0.081108
48.0 0.377391 0.200943 0.315045 -0.208867 0.072815 0.216247 -0.017868 -0.030185 0.039763 0.011660 -0.018674 0.023292 -0.077469
49.0 0.378949 0.196214 0.314366 -0.205223 0.067863 0.216272 -0.018702 -0.034168 0.042743 0.009224 -0.019156 0.021470 -0.071793
50.0 0.380243 0.193180 0.314403 -0.203690 0.066151 0.215018 -0.019162 -0.037718 0.045589 0.008092 -0.018639 0.019659 -0.067458
51.0 0.381500 0.192231 0.314736 -0.200332 0.068192 0.212859 -0.019341 -0.040810 0.048362 0.008668 -0.017507 0.017856 -0.066565
52.0 0.382846 0.192832 0.313903 -0.199028 0.070911 0.210233 -0.019370 -0.043351 0.051259 0.010385 -0.016324 0.016006 -0.068567
53.0 0.384296 0.194439 0.310515 -0.197993 0.072454 0.207810 -0.019414 -0.045211 0.054400 0.012305 -0.015451 0.013900 -0.070160
54.0 0.385767 0.196548 0.305314 -0.197393 0.071650 0.205803 -0.019538 -0.046360 0.057712 0.013940 -0.015009 0.011397 -0.070736
55.0 0.387169 0.198605 0.299827 -0.198189 0.069175 0.204118 -0.019730 -0.046809 0.061112 0.014911 -0.014998 0.008510 -0.068932
56.0 0.388472 0.200632 0.296716 -0.197299 0.066642 0.202662 -0.019944 -0.046553 0.064552 0.015162 -0.015246 0.005386 -0.066304
57.0 0.389706 0.202916 0.296601 -0.194130 0.065674 0.201379 -0.020101 -0.045703 0.067998 0.014889 -0.015547 0.002302 -0.066193
58.0 0.390933 0.205575 0.298946 -0.194861 0.066777 0.200208 -0.020126 -0.044454 0.071419 0.014292 -0.015763 -0.000561 -0.067029
59.0 0.392224 0.208519 0.301348 -0.194572 0.068638 0.199077 -0.020012 -0.042919 0.074733 0.013569 -0.015930 -0.003097 -0.067880
60.0 0.393610 0.211522 0.302629 -0.194203 0.069715 0.197888 -0.019784 -0.041212 0.077923 0.012855 -0.016147 -0.005212 -0.069572
61.0 0.395053 0.214220 0.302606 -0.193179 0.069399 0.196495 -0.019481 -0.039416 0.080978 0.012143 -0.016500 -0.006829 -0.071173
62.0 0.396527 0.216339 0.302193 -0.191493 0.068217 0.194821 -0.019132 -0.037629 0.083927 0.011371 -0.017018 -0.007867 -0.072606
63.0 0.398025 0.217773 0.301761 -0.191313 0.066824 0.192923 -0.018760 -0.035931 0.086816 0.010436 -0.017712 -0.008288 -0.073115
64.0 0.399540 0.218626 0.301314 -0.190440 0.065751 0.190896 -0.018387 -0.034373 0.089652 0.009357 -0.018518 -0.008102 -0.073293
65.0 0.401084 0.219110 0.300756 -0.189747 0.065226 0.188841 -0.018055 -0.033027 0.092429 0.008321 -0.019399 -0.007367 -0.074176
66.0 0.402700 0.219379 0.300403 -0.188777 0.065522 0.186842 -0.017791 -0.031914 0.095113 0.007458 -0.020329 -0.006164 -0.075663
67.0 0.404428 0.219541 0.300858 -0.188785 0.066898 0.184965 -0.017593 -0.031048 0.097664 0.006855 -0.021303 -0.004575 -0.077700
68.0 0.406321 0.219645 0.302442 -0.186912 0.069208 0.183230 -0.017437 -0.030417 0.100066 0.006504 -0.022300 -0.002682 -0.081020
69.0 0.408377 0.219599 0.304961 -0.187668 0.072022 0.181639 -0.017284 -0.029994 0.102277 0.006294 -0.023333 -0.000516 -0.084899
70.0 0.410582 0.219292 0.308212 -0.189583 0.074961 0.180167 -0.017100 -0.029739 0.104262 0.006103 -0.024401 0.001853 -0.087348
71.0 0.412910 0.218627 0.311519 -0.189418 0.077512 0.178724 -0.016850 -0.029538 0.106002 0.005786 -0.025496 0.004434 -0.090208
72.0 0.415312 0.217536 0.314068 -0.189881 0.079171 0.177194 -0.016513 -0.029295 0.107507 0.005235 -0.026592 0.007165 -0.093359
73.0 0.417734 0.215899 0.315105 -0.191880 0.079447 0.175459 -0.016078 -0.028957 0.108746 0.004425 -0.027696 0.010009 -0.094355
74.0 0.420135 0.213778 0.314455 -0.193145 0.078310 0.173442 -0.015518 -0.028477 0.109718 0.003391 -0.028779 0.012881 -0.093446
75.0 0.422458 0.211362 0.312223 -0.195709 0.075963 0.171131 -0.014819 -0.027857 0.110407 0.002285 -0.029786 0.015660 -0.090965
76.0 0.424665 0.208944 0.309651 -0.193591 0.073381 0.168540 -0.013974 -0.027093 0.110829 0.001277 -0.030635 0.018238 -0.089465
77.0 0.426760 0.206752 0.307764 -0.193998 0.071464 0.165758 -0.012998 -0.026201 0.111018 0.000452 -0.031277 0.020528 -0.089099
78.0 0.428747 0.204709 0.307251 -0.196717 0.070919 0.162829 -0.011917 -0.025172 0.110984 -0.000218 -0.031795 0.022499 -0.087181
79.0 0.430664 0.202765 0.308319 -0.198592 0.071878 0.159800 -0.010768 -0.024043 0.110745 -0.000759 -0.032210 0.024147 -0.085474
80.0 0.432550 0.200854 0.310456 -0.200846 0.074169 0.156733 -0.009590 -0.022841 0.110315 -0.001239 -0.032524 0.025493 -0.084846
81.0 0.434429 0.198784 0.313126 -0.201990 0.077357 0.153654 -0.008424 -0.021641 0.109698 -0.001710 -0.032792 0.026554 -0.085153
82.0 0.436313 0.196465 0.315961 -0.201721 0.081174 0.150609 -0.007309 -0.020484 0.108877 -0.002218 -0.033009 0.027339 -0.086906
83.0 0.438218 0.193858 0.318744 -0.203636 0.085431 0.147612 -0.006275 -0.019381 0.107840 -0.002750 -0.033188 0.027911 -0.088174
84.0 0.440153 0.190978 0.321111 -0.204583 0.089836 0.144636 -0.005350 -0.018356 0.106599 -0.003250 -0.033302 0.028306 -0.088571
85.0 0.442106 0.187837 0.322785 -0.205773 0.094186 0.141654 -0.004562 -0.017420 0.105175 -0.003663 -0.033347 0.028598 -0.089066
86.0 0.444070 0.184454 0.324037 -0.205499 0.098404 0.138663 -0.003936 -0.016581 0.103564 -0.003964 -0.033293 0.028834 -0.089805
87.0 0.446047 0.180838 0.325299 -0.206046 0.102542 0.135664 -0.003488 -0.015828 0.101775 -0.004180 -0.033105 0.029049 -0.090479
88.0 0.448013 0.177095 0.327224 -0.206113 0.106809 0.132656 -0.003211 -0.015168 0.099821 -0.004198 -0.032805 0.029234 -0.090972
89.0 0.449934 0.173188 0.329516 -0.208658 0.110921 0.129654 -0.003094 -0.014575 0.097717 -0.004075 -0.032438 0.029390 -0.090564
90.0 0.451771 0.169077 0.331543 -0.208295 0.114446 0.126681 -0.003117 -0.014035 0.095491 -0.003867 -0.032076 0.029503 -0.090091
91.0 0.453465 0.164694 0.332692 -0.212372 0.116913 0.123773 -0.003245 -0.013529 0.093143 -0.003671 -0.031778 0.029557 -0.088210
92.0 0.454966 0.160041 0.332743 -0.213082 0.118182 0.120924 -0.003444 -0.013055 0.090695 -0.003528 -0.031552 0.029524 -0.084719
93.0 0.456223 0.155115 0.332411 -0.214612 0.118589 0.118132 -0.003695 -0.012604 0.088130 -0.003435 -0.031414 0.029410 -0.081523
94.0 0.457174 0.149973 0.332270 -0.215708 0.118502 0.115412 -0.003974 -0.012157 0.085460 -0.003428 -0.031341 0.029224 -0.077638
95.0 0.457789 0.144635 0.332565 -0.217382 0.118232 0.112702 -0.004264 -0.011680 0.082682 -0.003523 -0.031282 0.029009 -0.073324
96.0 0.458040 0.139111 0.333697 -0.219825 0.118223 0.109983 -0.004544 -0.011140 0.079788 -0.003773 -0.031204 0.028755 -0.068370
97.0 0.457901 0.133449 0.335973 -0.225337 0.118844 0.107223 -0.004804 -0.010576 0.076794 -0.004099 -0.031090 0.028459 -0.061952
98.0 0.457390 0.127797 0.339600 -0.223686 0.120517 0.104427 -0.005040 -0.009942 0.073705 -0.004483 -0.030871 0.028110 -0.058169
99.0 0.456501 0.122428 0.341921 -0.225679 0.121963 0.101618 -0.005256 -0.009262 0.070557 -0.004738 -0.030491 0.027710 -0.056691
100.0 0.455344 0.117316 0.338180 -0.221622 0.120119 0.098875 -0.005479 -0.008543 0.067376 -0.005048 -0.029865 0.027261 -0.054005
101.0 0.453911 0.112283 0.329569 -0.222090 0.115521 0.096255 -0.005736 -0.007821 0.064157 -0.005382 -0.029190 0.026762 -0.049236
102.0 0.452304 0.107833 0.323675 -0.218062 0.113003 0.093732 -0.006069 -0.007172 0.060977 -0.005328 -0.028307 0.026220 -0.043590
103.0 0.450511 0.103605 0.320767 -0.219412 0.112697 0.091205 -0.006450 -0.006581 0.057804 -0.005034 -0.027340 0.025634 -0.040105
104.0 0.448562 0.099551 0.319932 -0.219931 0.114057 0.088743 -0.006871 -0.006024 0.054666 -0.004611 -0.026351 0.024993 -0.036192
105.0 0.446481 0.095740 0.319485 -0.219132 0.115956 0.086376 -0.007330 -0.005472 0.051665 -0.004070 -0.025429 0.024318 -0.034419
106.0 0.444298 0.092128 0.318428 -0.220156 0.117716 0.084154 -0.007813 -0.004920 0.048844 -0.003448 -0.024689 0.023617 -0.032560
107.0 0.442044 0.088735 0.316545 -0.219947 0.119155 0.082127 -0.008309 -0.004391 0.046235 -0.002789 -0.024139 0.022911 -0.030116
108.0 0.439750 0.085601 0.313843 -0.217885 0.120148 0.080318 -0.008819 -0.003901 0.043827 -0.002072 -0.023752 0.022202 -0.028807
109.0 0.437391 0.082821 0.310152 -0.211319 0.120559 0.078727 -0.009336 -0.003475 0.041624 -0.001259 -0.023461 0.021501 -0.030687
110.0 0.434955 0.080319 0.305696 -0.210631 0.120391 0.077284 -0.009848 -0.003122 0.039626 -0.000416 -0.023204 0.020816 -0.031714
111.0 0.432441 0.078066 0.300529 -0.209438 0.119678 0.075998 -0.010361 -0.002850 0.037829 0.000366 -0.022917 0.020143 -0.029785
112.0 0.429906 0.076076 0.295185 -0.205290 0.118638 0.074880 -0.010882 -0.002616 0.036213 0.001038 -0.022557 0.019487 -0.028960
113.0 0.427300 0.074163 0.289681 -0.207453 0.117272 0.073823 -0.011390 -0.002452 0.034745 0.001610 -0.022174 0.018847 -0.026718
114.0 0.424616 0.072280 0.284224 -0.207172 0.115758 0.072819 -0.011873 -0.002369 0.033418 0.002081 -0.021796 0.018229 -0.022437
115.0 0.421903 0.070498 0.279132 -0.202270 0.114266 0.071880 -0.012333 -0.002331 0.032213 0.002481 -0.021414 0.017633 -0.021316
116.0 0.419157 0.068832 0.274243 -0.201414 0.112706 0.070972 -0.012757 -0.002322 0.031113 0.002851 -0.021026 0.017075 -0.020628
117.0 0.416379 0.067221 0.269148 -0.193732 0.110932 0.070081 -0.013138 -0.002348 0.030100 0.003191 -0.020665 0.016541 -0.021308
118.0 0.413554 0.065677 0.264081 -0.191106 0.108977 0.069220 -0.013478 -0.002397 0.029171 0.003475 -0.020315 0.016009 -0.022854
119.0 0.410696 0.064212 0.259037 -0.191133 0.106870 0.068389 -0.013766 -0.002455 0.028305 0.003715 -0.019976 0.015475 -0.020353
120.0 0.407831 0.062891 0.254012 -0.184480 0.104703 0.067638 -0.014001 -0.002510 0.027486 0.003894 -0.019617 0.014937 -0.019660
121.0 0.404948 0.061726 0.249184 -0.181085 0.102525 0.066956 -0.014179 -0.002564 0.026707 0.004021 -0.019214 0.014408 -0.020880
122.0 0.402054 0.060659 0.244409 -0.178365 0.100244 0.066339 -0.014294 -0.002632 0.025959 0.004096 -0.018809 0.013899 -0.020155
123.0 0.399129 0.059697 0.239811 -0.175897 0.097984 0.065794 -0.014338 -0.002703 0.025226 0.004144 -0.018425 0.013413 -0.019215
124.0 0.396205 0.058838 0.235638 -0.173216 0.096003 0.065372 -0.014321 -0.002786 0.024508 0.004113 -0.018049 0.012936 -0.018272
125.0 0.393295 0.058041 0.232151 -0.171475 0.094496 0.065085 -0.014244 -0.002870 0.023802 0.003968 -0.017700 0.012465 -0.017327
126.0 0.390418 0.057286 0.229257 -0.167196 0.093443 0.064939 -0.014113 -0.002945 0.023096 0.003699 -0.017391 0.012021 -0.017556
127.0 0.387580 0.056599 0.226976 -0.165336 0.092897 0.064949 -0.013938 -0.003025 0.022385 0.003357 -0.017130 0.011597 -0.018357
128.0 0.384789 0.055991 0.224734 -0.162462 0.092647 0.065078 -0.013730 -0.003106 0.021673 0.002971 -0.016895 0.011182 -0.018883
129.0 0.382035 0.055484 0.222677 -0.158544 0.092694 0.065243 -0.013498 -0.003212 0.021010 0.002569 -0.016627 0.010774 -0.020922
130.0 0.379338 0.054971 0.218820 -0.156267 0.091978 0.065504 -0.013252 -0.003334 0.020300 0.002113 -0.016359 0.010368 -0.022304
131.0 0.376685 0.054345 0.213725 -0.154973 0.090591 0.065793 -0.013007 -0.003438 0.019575 0.001553 -0.016132 0.009957 -0.021711
132.0 0.374077 0.053700 0.207468 -0.150308 0.088386 0.066094 -0.012755 -0.003523 0.018866 0.000956 -0.015939 0.009535 -0.021474
133.0 0.371498 0.053135 0.201767 -0.149921 0.086426 0.066382 -0.012493 -0.003601 0.018195 0.000406 -0.015754 0.009096 -0.020657
134.0 0.368980 0.052609 0.197282 -0.143837 0.085159 0.066628 -0.012228 -0.003672 0.017543 -0.000057 -0.015604 0.008633 -0.020800
135.0 0.366520 0.052127 0.194203 -0.143849 0.084616 0.066769 -0.011956 -0.003734 0.016894 -0.000376 -0.015470 0.008147 -0.021477
136.0 0.364122 0.051662 0.192233 -0.141267 0.084655 0.066789 -0.011679 -0.003787 0.016256 -0.000584 -0.015331 0.007634 -0.021050
137.0 0.361790 0.051216 0.191209 -0.141404 0.085067 0.066702 -0.011397 -0.003828 0.015621 -0.000694 -0.015188 0.007084 -0.020978
138.0 0.359550 0.050790 0.190783 -0.138688 0.085618 0.066529 -0.011110 -0.003852 0.014977 -0.000696 -0.015058 0.006508 -0.021020
139.0 0.357396 0.050384 0.190605 -0.132557 0.086102 0.066297 -0.010824 -0.003866 0.014326 -0.000616 -0.014934 0.005898 -0.024254
140.0 0.355307 0.049973 0.190641 -0.129746 0.086512 0.066016 -0.010552 -0.003881 0.013675 -0.000490 -0.014796 0.005270 -0.027633
141.0 0.353301 0.049570 0.190897 -0.126832 0.086871 0.065695 -0.010301 -0.003882 0.013012 -0.000326 -0.014628 0.004616 -0.029163
142.0 0.351349 0.049093 0.191034 -0.124560 0.087057 0.065329 -0.010073 -0.003869 0.012327 -0.000143 -0.014478 0.003955 -0.030499
143.0 0.349465 0.048564 0.190690 -0.123217 0.087021 0.064958 -0.009877 -0.003845 0.011625 0.000038 -0.014335 0.003291 -0.030682
144.0 0.347668 0.048035 0.189937 -0.117613 0.086863 0.064628 -0.009723 -0.003803 0.010913 0.000214 -0.014194 0.002627 -0.032159
145.0 0.345938 0.047556 0.188633 -0.116306 0.086516 0.064365 -0.009613 -0.003743 0.010205 0.000404 -0.014063 0.001971 -0.033667
146.0 0.344241 0.047144 0.187385 -0.116786 0.086169 0.064152 -0.009543 -0.003649 0.009517 0.000625 -0.013958 0.001313 -0.032363
147.0 0.342611 0.046837 0.187039 -0.112855 0.086159 0.063970 -0.009506 -0.003515 0.008858 0.000925 -0.013894 0.000653 -0.032358
148.0 0.341053 0.046697 0.187457 -0.113962 0.086449 0.063848 -0.009502 -0.003368 0.008243 0.001321 -0.013846 -0.000008 -0.032447
149.0 0.339577 0.046721 0.187949 -0.110168 0.086843 0.063765 -0.009523 -0.003213 0.007670 0.001819 -0.013799 -0.000672 -0.032759
150.0 0.338181 0.046873 0.188193 -0.108573 0.087177 0.063721 -0.009563 -0.003044 0.007139 0.002399 -0.013779 -0.001334 -0.034603
151.0 0.336869 0.047127 0.188249 -0.109005 0.087440 0.063710 -0.009622 -0.002883 0.006651 0.003068 -0.013798 -0.001983 -0.034358
152.0 0.335622 0.047452 0.188269 -0.107402 0.087711 0.063683 -0.009700 -0.002738 0.006207 0.003858 -0.013858 -0.002623 -0.034333
153.0 0.334447 0.047895 0.188439 -0.105401 0.088076 0.063653 -0.009792 -0.002618 0.005807 0.004797 -0.013952 -0.003284 -0.035614
154.0 0.333355 0.048481 0.188560 -0.104933 0.088435 0.063634 -0.009897 -0.002524 0.005455 0.005861 -0.014049 -0.003956 -0.036387
155.0 0.332351 0.049179 0.188425 -0.102243 0.088688 0.063646 -0.010014 -0.002457 0.005149 0.006981 -0.014127 -0.004627 -0.037546
156.0 0.331435 0.049986 0.187964 -0.100452 0.088819 0.063704 -0.010142 -0.002420 0.004895 0.008155 -0.014206 -0.005291 -0.039355
157.0 0.330587 0.050923 0.187365 -0.099316 0.088855 0.063819 -0.010279 -0.002416 0.004701 0.009362 -0.014263 -0.005942 -0.040581
158.0 0.329813 0.052040 0.186919 -0.097679 0.088912 0.063994 -0.010411 -0.002437 0.004562 0.010636 -0.014304 -0.006583 -0.041795
159.0 0.329105 0.053332 0.186628 -0.098749 0.088950 0.064225 -0.010532 -0.002466 0.004470 0.011981 -0.014347 -0.007212 -0.042166
160.0 0.328469 0.054739 0.186356 -0.098992 0.088894 0.064491 -0.010636 -0.002480 0.004414 0.013369 -0.014419 -0.007823 -0.041662
161.0 0.327911 0.056219 0.186068 -0.096987 0.088714 0.064781 -0.010719 -0.002473 0.004382 0.014752 -0.014504 -0.008418 -0.042639
162.0 0.327415 0.057691 0.185531 -0.096358 0.088286 0.065064 -0.010779 -0.002422 0.004359 0.016027 -0.014559 -0.008991 -0.044047
163.0 0.326960 0.059077 0.184542 -0.095440 0.087565 0.065304 -0.010815 -0.002312 0.004339 0.017126 -0.014565 -0.009539 -0.044782
164.0 0.326541 0.060369 0.183188 -0.094261 0.086599 0.065489 -0.010828 -0.002128 0.004323 0.018032 -0.014518 -0.010060 -0.045508
165.0 0.326151 0.061575 0.181730 -0.093581 0.085491 0.065605 -0.010819 -0.001864 0.004307 0.018771 -0.014424 -0.010560 -0.045908
166.0 0.325787 0.062744 0.180406 -0.092773 0.084394 0.065649 -0.010775 -0.001510 0.004293 0.019382 -0.014295 -0.011038 -0.046034
167.0 0.325442 0.063900 0.179099 -0.091755 0.083280 0.065635 -0.010698 -0.001066 0.004284 0.019887 -0.014142 -0.011495 -0.046387
