Heating 25.005471 67.567568 22.753219 73.873874 4 6.000000
40 38 35 52
0.0 0.000000 0.000000 0.000000 -0.000000 -0.000000 0.000000 0.000000 0.000000 0.000000 0.000000 0.000000 -0.000000 0.000000
1.0 0.003605 0.014164 0.227830 -0.002064 0.173678 0.002146 -0.000249 -0.000551 0.001058 0.008637 0.003124 -0.000580 -0.063756
2.0 0.011411 0.030517 0.240983 -0.004316 0.185447 0.005704 -0.000456 -0.002095 0.002299 0.021041 0.004024 -0.001523 -0.135217
3.0 0.019552 0.038513 0.238972 -0.005770 0.163426 0.007620 -0.000884 -0.003712 0.002864 0.030603 0.002022 -0.001651 -0.137194
4.0 0.026922 0.043148 0.237769 -0.006889 0.148341 0.008353 -0.001660 -0.004891 0.003396 0.037594 0.000357 -0.001203 -0.129996
5.0 0.034548 0.046472 0.238343 -0.007911 0.162985 0.008200 -0.001911 -0.006364 0.004201 0.042926 -0.000581 -0.000963 -0.130980
6.0 0.043092 0.049672 0.247083 -0.009244 0.185418 0.007526 -0.001718 -0.008738 0.005061 0.048692 -0.001152 -0.000805 -0.144460
7.0 0.052490 0.051983 0.266002 -0.010969 0.201000 0.006884 -0.001398 -0.011724 0.005971 0.053880 -0.001630 -0.000679 -0.158010
8.0 0.062517 0.054760 0.281460 -0.013343 0.218542 0.006458 -0.001058 -0.015105 0.007026 0.059588 -0.002149 -0.000964 -0.169942
9.0 0.073263 0.056480 0.298731 -0.016573 0.237455 0.006177 -0.000711 -0.018642 0.008233 0.064091 -0.002668 -0.001375 -0.181527
10.0 0.084699 0.057302 0.323728 -0.020165 0.259706 0.006988 -0.000416 -0.022128 0.009620 0.066588 -0.003350 -0.001799 -0.194025
11.0 0.096921 0.062616 0.350272 -0.025184 0.279747 0.009461 -0.000156 -0.025475 0.011250 0.071208 -0.003672 -0.002208 -0.207234
12.0 0.109817 0.068001 0.373521 -0.030646 0.294741 0.012801 0.000149 -0.028728 0.012943 0.074768 -0.003931 -0.002508 -0.219113
13.0 0.123241 0.072959 0.397670 -0.035903 0.310189 0.016893 0.000438 -0.031712 0.014763 0.076957 -0.004380 -0.002679 -0.229682
14.0 0.137257 0.078891 0.422838 -0.042524 0.327406 0.021883 0.000668 -0.034472 0.016757 0.079179 -0.005125 -0.002697 -0.240692
15.0 0.151853 0.084405 0.443532 -0.050051 0.342503 0.027593 0.000886 -0.037131 0.018916 0.079978 -0.005836 -0.002541 -0.250926
16.0 0.166783 0.087965 0.459185 -0.057607 0.352902 0.033365 0.001118 -0.039653 0.021198 0.078170 -0.006233 -0.002271 -0.258211
17.0 0.181909 0.093079 0.473757 -0.065005 0.362687 0.039315 0.001265 -0.042080 0.023604 0.077394 -0.006419 -0.002142 -0.263801
18.0 0.197333 0.099949 0.486291 -0.073431 0.374495 0.046075 0.001295 -0.044485 0.026050 0.077741 -0.006727 -0.002127 -0.270360
19.0 0.213170 0.108049 0.499469 -0.081283 0.388133 0.053798 0.001246 -0.046884 0.028553 0.078656 -0.007320 -0.002102 -0.279143
20.0 0.229479 0.116718 0.515884 -0.090432 0.403396 0.062466 0.001136 -0.049361 0.031166 0.079496 -0.008184 -0.001912 -0.289814
21.0 0.246356 0.125737 0.536241 -0.099896 0.421248 0.072000 0.000998 -0.051919 0.033906 0.079963 -0.009211 -0.001549 -0.301633
22.0 0.263899 0.135270 0.560536 -0.112017 0.441689 0.082304 0.000819 -0.054529 0.036794 0.080164 -0.010283 -0.001012 -0.314394
23.0 0.282203 0.145902 0.588308 -0.123409 0.464105 0.093376 0.000583 -0.057154 0.039848 0.080479 -0.011229 -0.000375 -0.328649
24.0 0.301350 0.157738 0.616940 -0.133979 0.486596 0.105233 0.000316 -0.059859 0.043106 0.080911 -0.011970 0.000301 -0.345262
25.0 0.321338 0.170088 0.643030 -0.146055 0.507043 0.117779 0.000076 -0.062733 0.046596 0.080890 -0.012520 0.001042 -0.361481
26.0 0.342068 0.182389 0.665917 -0.157924 0.524413 0.130889 -0.000085 -0.065753 0.050325 0.079922 -0.012909 0.001898 -0.375608
27.0 0.363411 0.194852 0.686343 -0.170271 0.539458 0.144638 -0.000149 -0.068837 0.054281 0.078105 -0.013187 0.002865 -0.388093
28.0 0.385280 0.208077 0.705469 -0.183769 0.553273 0.159220 -0.000148 -0.071865 0.058438 0.075862 -0.013430 0.003933 -0.399262
29.0 0.407683 0.222420 0.724766 -0.196488 0.566923 0.174669 -0.000125 -0.074727 0.062777 0.073527 -0.013702 0.005104 -0.410505
30.0 0.430684 0.237953 0.745292 -0.211280 0.581106 0.190946 -0.000131 -0.077343 0.067293 0.071245 -0.014057 0.006401 -0.422069
31.0 0.454380 0.254540 0.767357 -0.222465 0.595962 0.207978 -0.000179 -0.079644 0.071982 0.068938 -0.014536 0.007844 -0.435463
32.0 0.478823 0.272001 0.748407 -0.234846 0.611239 0.225598 -0.000245 -0.081603 0.076896 0.066487 -0.015132 0.009432 -0.451304
33.0 0.495688 0.255110 0.529791 -0.240143 0.308183 0.221034 0.005743 -0.087392 0.081470 0.060888 -0.026633 0.015457 -0.363303
34.0 0.501749 0.227131 0.344807 -0.237396 0.074497 0.224956 0.008135 -0.087269 0.085565 0.031003 -0.035258 0.018533 -0.162192
35.0 0.500470 0.239203 0.173721 -0.231840 -0.032677 0.248266 0.006992 -0.083664 0.085136 0.013360 -0.030887 0.018758 -0.048339
36.0 0.497098 0.262694 0.106448 -0.225479 -0.092447 0.268281 0.005507 -0.078395 0.083919 0.009303 -0.025921 0.017189 -0.004677
37.0 0.493008 0.281627 0.104146 -0.221908 -0.110593 0.279319 0.003354 -0.070325 0.084299 0.006680 -0.021700 0.015743 0.003867
38.0 0.489790 0.292328 0.126872 -0.221273 -0.084849 0.283260 0.002538 -0.062808 0.086054 0.001706 -0.018423 0.014560 -0.008559
39.0 0.488537 0.297841 0.156690 -0.224706 -0.035846 0.283217 0.003062 -0.056508 0.088095 -0.003052 -0.016974 0.014469 -0.036290
40.0 0.489235 0.301387 0.195629 -0.225735 0.001644 0.282124 0.003953 -0.051322 0.089987 -0.006950 -0.016405 0.016219 -0.067050
41.0 0.491320 0.306291 0.225740 -0.227963 0.026945 0.281925 0.004711 -0.046913 0.091930 -0.009208 -0.016155 0.017504 -0.091468
42.0 0.494431 0.313960 0.246144 -0.229003 0.041468 0.281756 0.005337 -0.043185 0.093810 -0.007727 -0.016031 0.018403 -0.108912
43.0 0.498212 0.318754 0.260044 -0.230994 0.047616 0.281344 0.005913 -0.039908 0.095455 -0.008017 -0.016033 0.019349 -0.119530
44.0 0.502090 0.317421 0.268280 -0.235714 0.048945 0.282303 0.006244 -0.036498 0.097205 -0.015322 -0.016512 0.020362 -0.121846
45.0 0.505890 0.319061 0.276344 -0.237466 0.050323 0.284745 0.006274 -0.032726 0.098968 -0.021055 -0.017145 0.021376 -0.121755
46.0 0.509784 0.324049 0.284246 -0.239326 0.052656 0.287598 0.006170 -0.028626 0.100410 -0.024057 -0.017446 0.022141 -0.125255
47.0 0.513879 0.332411 0.291796 -0.245481 0.056000 0.290244 0.006091 -0.024127 0.101294 -0.023411 -0.017680 0.022479 -0.129701
48.0 0.518209 0.339512 0.300322 -0.249164 0.060805 0.292006 0.006220 -0.019335 0.101600 -0.022650 -0.018329 0.022748 -0.135019
49.0 0.522686 0.344473 0.299244 -0.252679 0.058183 0.292457 0.006516 -0.014167 0.101323 -0.022604 -0.019051 0.023329 -0.137786
50.0 0.526977 0.347442 0.286008 -0.251294 0.044084 0.291369 0.006755 -0.008703 0.100586 -0.022708 -0.019858 0.024171 -0.134523
51.0 0.530951 0.348792 0.277105 -0.252374 0.033954 0.288833 0.006813 -0.002948 0.099415 -0.022363 -0.020956 0.024888 -0.128040
52.0 0.534701 0.349423 0.273456 -0.255469 0.030641 0.285047 0.006628 0.003222 0.097772 -0.021528 -0.021718 0.025229 -0.122541
53.0 0.538271 0.349485 0.273142 -0.261231 0.031061 0.280271 0.006166 0.009628 0.095704 -0.020371 -0.021913 0.025206 -0.118614
54.0 0.541671 0.348936 0.274699 -0.266022 0.032833 0.274929 0.005430 0.016090 0.093258 -0.019025 -0.021747 0.024921 -0.115396
55.0 0.544879 0.347791 0.278410 -0.265876 0.034689 0.269591 0.004378 0.022406 0.090475 -0.017504 -0.021556 0.024531 -0.115239
56.0 0.547772 0.346246 0.283591 -0.273855 0.036041 0.264525 0.003015 0.028566 0.087391 -0.015805 -0.021446 0.024164 -0.113716
57.0 0.550372 0.344188 0.289899 -0.278380 0.037787 0.259610 0.001356 0.034578 0.084023 -0.013969 -0.021410 0.023888 -0.109239
58.0 0.552814 0.341805 0.298890 -0.281200 0.041297 0.254723 -0.000505 0.040409 0.080373 -0.011797 -0.021397 0.023703 -0.107010
59.0 0.555148 0.338816 0.310716 -0.287299 0.046897 0.249754 -0.002458 0.045921 0.076462 -0.009341 -0.021523 0.023586 -0.105132
60.0 0.557371 0.334629 0.325424 -0.286438 0.054690 0.244611 -0.004385 0.050971 0.072348 -0.007068 -0.021848 0.023549 -0.106433
61.0 0.559517 0.329388 0.342487 -0.292085 0.064840 0.239384 -0.006197 0.055445 0.068061 -0.005076 -0.022228 0.023565 -0.108899
62.0 0.561651 0.323543 0.358792 -0.294756 0.075980 0.234162 -0.007820 0.059293 0.063655 -0.003294 -0.022455 0.023601 -0.109965
63.0 0.563739 0.317094 0.367566 -0.299413 0.083449 0.229009 -0.009190 0.062508 0.059153 -0.001594 -0.022792 0.023632 -0.109866
64.0 0.565759 0.310407 0.371561 -0.297246 0.087982 0.223957 -0.010305 0.065095 0.054583 0.000276 -0.023201 0.023649 -0.108616
65.0 0.567796 0.304084 0.377100 -0.298387 0.094059 0.219384 -0.011236 0.067133 0.049974 0.002437 -0.023608 0.023643 -0.107801
66.0 0.569892 0.298408 0.383978 -0.298666 0.101734 0.215499 -0.012036 0.068700 0.045323 0.004767 -0.023845 0.023612 -0.107473
67.0 0.572005 0.293657 0.390624 -0.298869 0.109782 0.212404 -0.012704 0.069854 0.040677 0.007359 -0.023933 0.023518 -0.109686
68.0 0.574147 0.289713 0.396355 -0.300957 0.117432 0.210182 -0.013253 0.070655 0.036083 0.010120 -0.024073 0.023351 -0.111672
69.0 0.576318 0.286445 0.400877 -0.304261 0.124152 0.208797 -0.013710 0.071192 0.031601 0.012863 -0.024299 0.023101 -0.112123
70.0 0.578484 0.283837 0.403839 -0.304587 0.129458 0.208218 -0.014110 0.071491 0.027316 0.015451 -0.024530 0.022761 -0.113123
71.0 0.580634 0.281691 0.405369 -0.306385 0.133217 0.208318 -0.014499 0.071592 0.023269 0.017670 -0.024658 0.022358 -0.113980
72.0 0.582716 0.279894 0.405861 -0.309021 0.135688 0.208941 -0.014885 0.071534 0.019461 0.019444 -0.024602 0.021894 -0.113006
73.0 0.584686 0.278303 0.405624 -0.310354 0.137298 0.209950 -0.015243 0.071299 0.015881 0.020816 -0.024399 0.021376 -0.111778
74.0 0.586521 0.276847 0.405004 -0.312759 0.138550 0.211248 -0.015540 0.070881 0.012525 0.021881 -0.024148 0.020815 -0.110361
75.0 0.588209 0.275489 0.404889 -0.316068 0.140277 0.212720 -0.015760 0.070243 0.009440 0.022733 -0.023887 0.020205 -0.108171
76.0 0.589846 0.274289 0.406520 -0.319178 0.143356 0.214314 -0.015910 0.069415 0.006656 0.023420 -0.023607 0.019567 -0.105878
77.0 0.591517 0.273236 0.409719 -0.319380 0.147734 0.216041 -0.016003 0.068443 0.004184 0.023907 -0.023335 0.018912 -0.105899
78.0 0.593300 0.272405 0.414533 -0.317643 0.153344 0.217928 -0.016080 0.067373 0.002045 0.024223 -0.023084 0.018237 -0.109159
79.0 0.595263 0.271879 0.420386 -0.316964 0.159691 0.219993 -0.016176 0.066256 0.000229 0.024424 -0.022847 0.017538 -0.113538
80.0 0.597426 0.271704 0.426115 -0.318196 0.166036 0.222224 -0.016314 0.065167 -0.001269 0.024525 -0.022629 0.016812 -0.116948
81.0 0.599789 0.271885 0.431073 -0.319697 0.171892 0.224602 -0.016509 0.064119 -0.002474 0.024554 -0.022407 0.016051 -0.119342
82.0 0.602363 0.272480 0.434980 -0.318578 0.177034 0.227116 -0.016761 0.063160 -0.003424 0.024553 -0.022164 0.015250 -0.122563
83.0 0.605154 0.273505 0.437687 -0.317754 0.181343 0.229764 -0.017067 0.062325 -0.004158 0.024508 -0.021868 0.014411 -0.126515
84.0 0.608106 0.274788 0.439023 -0.317968 0.184662 0.232518 -0.017417 0.061612 -0.004734 0.024370 -0.021561 0.013529 -0.129640
85.0 0.611182 0.276263 0.439003 -0.316933 0.187029 0.235403 -0.017801 0.061006 -0.005181 0.024146 -0.021310 0.012597 -0.132375
86.0 0.614343 0.277860 0.437839 -0.319517 0.188549 0.238431 -0.018220 0.060494 -0.005544 0.023842 -0.021142 0.011606 -0.133443
87.0 0.617566 0.279671 0.435457 -0.316701 0.189306 0.241619 -0.018681 0.060091 -0.005835 0.023526 -0.021048 0.010526 -0.134866
88.0 0.620836 0.281741 0.432169 -0.317079 0.189517 0.244968 -0.019192 0.059802 -0.006079 0.023255 -0.021013 0.009350 -0.137002
89.0 0.624161 0.284108 0.428620 -0.318015 0.189610 0.248476 -0.019771 0.059649 -0.006279 0.023034 -0.021000 0.008074 -0.137055
90.0 0.627514 0.286763 0.424973 -0.319084 0.189631 0.252133 -0.020431 0.059619 -0.006430 0.022852 -0.020980 0.006698 -0.137071
91.0 0.630937 0.289655 0.421512 -0.316434 0.189756 0.255976 -0.021202 0.059701 -0.006544 0.022661 -0.020938 0.005232 -0.138728
92.0 0.634447 0.292610 0.417862 -0.316454 0.189711 0.259996 -0.022118 0.059895 -0.006652 0.022365 -0.020876 0.003704 -0.140808
93.0 0.638027 0.295537 0.414296 -0.316565 0.189537 0.264179 -0.023199 0.060184 -0.006756 0.021951 -0.020821 0.002139 -0.141468
94.0 0.641692 0.298352 0.411601 -0.313782 0.189500 0.268472 -0.024456 0.060542 -0.006893 0.021442 -0.020754 0.000567 -0.143326
95.0 0.645450 0.301047 0.409871 -0.316044 0.189646 0.272840 -0.025871 0.060988 -0.007071 0.020840 -0.020679 -0.000976 -0.144089
96.0 0.649321 0.303603 0.409101 -0.313752 0.190023 0.277229 -0.027425 0.061531 -0.007288 0.020169 -0.020613 -0.002471 -0.144574
97.0 0.653293 0.305985 0.408902 -0.313260 0.190379 0.281608 -0.029098 0.062149 -0.007528 0.019427 -0.020572 -0.003904 -0.146523
98.0 0.657358 0.308160 0.408783 -0.311820 0.190390 0.285918 -0.030867 0.062849 -0.007812 0.018633 -0.020561 -0.005263 -0.147814
99.0 0.661488 0.310169 0.408650 -0.311874 0.190086 0.290134 -0.032703 0.063640 -0.008139 0.017817 -0.020580 -0.006537 -0.148618
100.0 0.665664 0.312074 0.408576 -0.311169 0.189503 0.294259 -0.034587 0.064515 -0.008513 0.017020 -0.020621 -0.007726 -0.148849
101.0 0.669868 0.313946 0.408350 -0.309337 0.188543 0.298329 -0.036505 0.065464 -0.008929 0.016274 -0.020686 -0.008833 -0.149875
102.0 0.674092 0.315832 0.407710 -0.308438 0.187125 0.302397 -0.038453 0.066464 -0.009391 0.015586 -0.020771 -0.009870 -0.150690
103.0 0.678328 0.317782 0.406255 -0.306561 0.185162 0.306536 -0.040430 0.067502 -0.009891 0.014946 -0.020881 -0.010857 -0.151196
104.0 0.682579 0.319829 0.404292 -0.304332 0.182863 0.310792 -0.042437 0.068563 -0.010440 0.014336 -0.020984 -0.011813 -0.152033
105.0 0.686843 0.322048 0.402049 -0.303446 0.180481 0.315235 -0.044480 0.069631 -0.011044 0.013768 -0.021062 -0.012766 -0.152319
106.0 0.691121 0.324461 0.399684 -0.303318 0.178120 0.319893 -0.046557 0.070686 -0.011700 0.013257 -0.021118 -0.013735 -0.151694
107.0 0.695428 0.327083 0.397297 -0.302053 0.175921 0.324781 -0.048664 0.071727 -0.012383 0.012789 -0.021168 -0.014742 -0.151418
108.0 0.699769 0.329877 0.395100 -0.300952 0.174041 0.329905 -0.050802 0.072732 -0.013070 0.012348 -0.021235 -0.015802 -0.151955
109.0 0.704140 0.332792 0.393173 -0.299916 0.172589 0.335252 -0.052975 0.073687 -0.013740 0.011904 -0.021337 -0.016923 -0.152887
110.0 0.708557 0.335806 0.391476 -0.297326 0.171655 0.340779 -0.055176 0.074593 -0.014374 0.011451 -0.021466 -0.018100 -0.154952
111.0 0.713029 0.338857 0.390109 -0.297847 0.171251 0.346441 -0.057408 0.075436 -0.014965 0.010955 -0.021602 -0.019316 -0.156713
112.0 0.717582 0.341887 0.389126 -0.297130 0.171291 0.352158 -0.059660 0.076207 -0.015503 0.010416 -0.021732 -0.020548 -0.157801
113.0 0.722214 0.344859 0.388739 -0.297614 0.171798 0.357885 -0.061933 0.076895 -0.015987 0.009832 -0.021834 -0.021766 -0.159333
114.0 0.726926 0.347783 0.388787 -0.297146 0.172606 0.363554 -0.064212 0.077492 -0.016403 0.009250 -0.021899 -0.022933 -0.161095
115.0 0.731727 0.350569 0.388508 -0.298142 0.173386 0.369135 -0.066502 0.077997 -0.016801 0.008683 -0.021944 -0.024014 -0.162649
116.0 0.736600 0.353178 0.386877 -0.296347 0.173602 0.374603 -0.068795 0.078407 -0.017187 0.008130 -0.021980 -0.024993 -0.164634
117.0 0.741508 0.355692 0.383166 -0.295737 0.172658 0.379938 -0.071089 0.078731 -0.017552 0.007609 -0.021945 -0.025856 -0.166838
118.0 0.746472 0.357916 0.375731 -0.294436 0.169299 0.385114 -0.073384 0.078973 -0.017941 0.007097 -0.021942 -0.026596 -0.166754
119.0 0.751456 0.359797 0.368600 -0.291326 0.165722 0.390156 -0.075666 0.079121 -0.018348 0.006609 -0.022076 -0.027233 -0.166700
120.0 0.756454 0.361419 0.362896 -0.290160 0.162644 0.395088 -0.077919 0.079135 -0.018754 0.006187 -0.022318 -0.027776 -0.166560
121.0 0.761439 0.362879 0.357442 -0.287338 0.159460 0.399900 -0.080143 0.079018 -0.019151 0.005837 -0.022583 -0.028237 -0.166567
122.0 0.766421 0.364195 0.351640 -0.287857 0.155926 0.404562 -0.082336 0.078781 -0.019535 0.005548 -0.022824 -0.028628 -0.165347
123.0 0.771413 0.365390 0.345252 -0.284528 0.152064 0.409054 -0.084501 0.078454 -0.019911 0.005302 -0.023008 -0.028947 -0.163873
124.0 0.776388 0.366406 0.338151 -0.282683 0.147842 0.413391 -0.086637 0.078018 -0.020282 0.005057 -0.023142 -0.029192 -0.163376
125.0 0.781338 0.367190 0.330552 -0.281605 0.143447 0.417564 -0.088746 0.077479 -0.020657 0.004795 -0.023245 -0.029369 -0.161415
126.0 0.786242 0.367720 0.322659 -0.276349 0.139011 0.421559 -0.090824 0.076861 -0.021046 0.004510 -0.023340 -0.029488 -0.161048
127.0 0.791076 0.367969 0.314712 -0.272418 0.134597 0.425367 -0.092871 0.076170 -0.021464 0.004186 -0.023419 -0.029563 -0.162066
128.0 0.795787 0.367888 0.306726 -0.275491 0.130171 0.428976 -0.094876 0.075427 -0.021919 0.003780 -0.023499 -0.029603 -0.159089
129.0 0.800405 0.367461 0.298907 -0.271304 0.125880 0.432353 -0.096834 0.074652 -0.022412 0.003273 -0.023570 -0.029628 -0.155739
130.0 0.804919 0.366712 0.291406 -0.271113 0.121675 0.435490 -0.098743 0.073850 -0.022945 0.002678 -0.023617 -0.029647 -0.153907
131.0 0.809324 0.365685 0.284181 -0.268151 0.117551 0.438355 -0.100574 0.073033 -0.023511 0.002022 -0.023641 -0.029649 -0.151296
132.0 0.813610 0.364441 0.277271 -0.264665 0.113605 0.440955 -0.102322 0.072184 -0.024086 0.001346 -0.023635 -0.029632 -0.150297
133.0 0.817792 0.362928 0.270936 -0.262582 0.109978 0.443286 -0.103976 0.071285 -0.024665 0.000626 -0.023628 -0.029579 -0.148796
134.0 0.821885 0.361160 0.265071 -0.258428 0.106684 0.445375 -0.105536 0.070318 -0.025250 -0.000126 -0.023621 -0.029474 -0.147600
135.0 0.825899 0.359149 0.259444 -0.257126 0.103638 0.447239 -0.107005 0.069262 -0.025847 -0.000882 -0.023618 -0.029320 -0.146026
136.0 0.829838 0.356836 0.253723 -0.254672 0.100650 0.448813 -0.108385 0.068137 -0.026437 -0.001668 -0.023624 -0.029134 -0.143499
137.0 0.833668 0.354200 0.247745 -0.253256 0.097598 0.450089 -0.109702 0.066961 -0.027017 -0.002503 -0.023629 -0.028957 -0.140989
138.0 0.837394 0.351208 0.241807 -0.247468 0.094573 0.451054 -0.110963 0.065757 -0.027584 -0.003403 -0.023653 -0.028778 -0.139752
139.0 0.841004 0.347829 0.236142 -0.245669 0.091646 0.451690 -0.112166 0.064541 -0.028146 -0.004373 -0.023716 -0.028601 -0.138493
140.0 0.844478 0.344098 0.230611 -0.244197 0.088800 0.451984 -0.113301 0.063327 -0.028710 -0.005387 -0.023815 -0.028435 -0.134944
141.0 0.847809 0.340014 0.224923 -0.240457 0.085904 0.451905 -0.114346 0.062120 -0.029289 -0.006431 -0.023946 -0.028274 -0.132077
142.0 0.850982 0.335655 0.219230 -0.239078 0.082999 0.451484 -0.115292 0.060916 -0.029874 -0.007483 -0.024097 -0.028104 -0.128945
143.0 0.853981 0.331092 0.213760 -0.235911 0.080222 0.450769 -0.116125 0.059705 -0.030472 -0.008525 -0.024261 -0.027923 -0.125484
144.0 0.856807 0.326384 0.208757 -0.234401 0.077720 0.449799 -0.116834 0.058464 -0.031077 -0.009537 -0.024431 -0.027730 -0.122114
145.0 0.859466 0.321655 0.204416 -0.231393 0.075630 0.448621 -0.117423 0.057191 -0.031673 -0.010477 -0.024585 -0.027523 -0.118904
146.0 0.861967 0.316956 0.201061 -0.232091 0.074084 0.447234 -0.117880 0.055888 -0.032257 -0.011312 -0.024717 -0.027291 -0.115003
147.0 0.864319 0.312284 0.198791 -0.230549 0.073156 0.445610 -0.118201 0.054582 -0.032824 -0.012051 -0.024832 -0.027024 -0.110947
148.0 0.866550 0.307681 0.197466 -0.227287 0.072855 0.443779 -0.118385 0.053279 -0.033372 -0.012701 -0.024920 -0.026724 -0.109349
149.0 0.868674 0.303234 0.196987 -0.227372 0.073170 0.441786 -0.118433 0.051985 -0.033896 -0.013237 -0.024971 -0.026393 -0.107586
150.0 0.870727 0.298970 0.197194 -0.225866 0.074057 0.439659 -0.118352 0.050720 -0.034397 -0.013652 -0.025008 -0.026039 -0.105455
151.0 0.872744 0.294940 0.198005 -0.222816 0.075432 0.437475 -0.118158 0.049472 -0.034871 -0.013944 -0.025034 -0.025667 -0.105372
152.0 0.874706 0.291184 0.199230 -0.223323 0.077222 0.435267 -0.117856 0.048241 -0.035305 -0.014128 -0.025035 -0.025285 -0.105147
153.0 0.876649 0.287756 0.200687 -0.220634 0.079353 0.433081 -0.117451 0.047036 -0.035683 -0.014214 -0.025012 -0.024919 -0.105133
154.0 0.878590 0.284670 0.202196 -0.222205 0.081660 0.430942 -0.116953 0.045860 -0.035991 -0.014221 -0.024967 -0.024592 -0.105019
155.0 0.880544 0.281955 0.203535 -0.222247 0.084030 0.428855 -0.116359 0.044732 -0.036207 -0.014171 -0.024895 -0.024322 -0.103839
156.0 0.882540 0.279648 0.204513 -0.219425 0.086374 0.426873 -0.115679 0.043644 -0.036313 -0.014072 -0.024805 -0.024117 -0.104981
157.0 0.884571 0.277759 0.205142 -0.221208 0.088677 0.425041 -0.114926 0.042589 -0.036299 -0.013946 -0.024701 -0.023983 -0.105609
158.0 0.886664 0.276309 0.205772 -0.220784 0.091071 0.423420 -0.114117 0.041561 -0.036163 -0.013804 -0.024588 -0.023921 -0.105223
159.0 0.888836 0.275313 0.206410 -0.219396 0.093486 0.422043 -0.113270 0.040552 -0.035907 -0.013648 -0.024455 -0.023931 -0.106694
160.0 0.891104 0.274808 0.206773 -0.218352 0.095703 0.420974 -0.112403 0.039548 -0.035527 -0.013486 -0.024298 -0.024007 -0.108667
161.0 0.893475 0.274806 0.206855 -0.219328 0.097672 0.420248 -0.111528 0.038560 -0.035027 -0.013316 -0.024130 -0.024151 -0.109606
162.0 0.895953 0.275297 0.206701 -0.217239 0.099364 0.419898 -0.110665 0.037593 -0.034412 -0.013151 -0.023967 -0.024360 -0.111205
163.0 0.898513 0.276234 0.206606 -0.217654 0.100891 0.419913 -0.109823 0.036669 -0.033688 -0.013017 -0.023820 -0.024625 -0.113480
164.0 0.901173 0.277639 0.206837 -0.216805 0.102381 0.420320 -0.109020 0.035805 -0.032869 -0.012914 -0.023683 -0.024949 -0.115275
165.0 0.903944 0.279514 0.207392 -0.217268 0.103912 0.421116 -0.108267 0.035023 -0.031968 -0.012829 -0.023561 -0.025322 -0.117385
166.0 0.906835 0.281821 0.208081 -0.217633 0.105470 0.422264 -0.107568 0.034323 -0.031002 -0.012744 -0.023452 -0.025713 -0.119262
167.0 0.909846 0.284572 0.208789 -0.220712 0.107067 0.423771 -0.106927 0.033715 -0.029983 -0.012642 -0.023362 -0.026106 -0.120296
Heating 25.005471 69.369369 22.753219 75.675676 4 6.000000
40 42 35 56
0.0 0.000000 0.000000 0.000000 -0.000000 -0.000000 0.000000 0.000000 0.000000 0.000000 0.000000 0.000000 -0.000000 -7.351175
1.0 0.003518 0.014640 0.221339 -0.002700 0.168191 0.002305 -0.000101 -0.000271 0.001340 0.009032 0.002335 -0.000564 -0.061637
2.0 0.010969 0.030561 0.231407 -0.005646 0.174755 0.005506 -0.000230 -0.001054 0.002727 0.020812 0.002800 -0.001564 -0.129236
3.0 0.018627 0.038037 0.225959 -0.007351 0.153007 0.006395 -0.000494 -0.001763 0.002544 0.029792 0.001564 -0.001829 -0.128720
4.0 0.025462 0.043398 0.221563 -0.008520 0.135319 0.005637 -0.000200 -0.002726 0.002402 0.038026 0.000259 -0.001868 -0.120412
5.0 0.032438 0.048137 0.222014 -0.009682 0.145773 0.004359 0.000857 -0.004434 0.002483 0.045602 -0.000731 -0.001889 -0.119526
6.0 0.040211 0.052265 0.228905 -0.011126 0.166209 0.002909 0.002006 -0.006737 0.002583 0.053063 -0.001559 -0.002022 -0.131653
7.0 0.048833 0.055536 0.243435 -0.013082 0.182559 0.001915 0.003020 -0.009443 0.002777 0.059502 -0.002235 -0.002429 -0.144978
8.0 0.058156 0.059574 0.255989 -0.015640 0.201275 0.001382 0.003902 -0.012320 0.003117 0.066338 -0.002845 -0.003200 -0.157710
9.0 0.068256 0.062245 0.274487 -0.018785 0.221435 0.001181 0.004668 -0.015216 0.003512 0.071535 -0.003435 -0.003950 -0.170675
10.0 0.079178 0.065000 0.302932 -0.023101 0.246629 0.002321 0.005331 -0.017976 0.003971 0.075444 -0.004091 -0.004576 -0.185076
11.0 0.091062 0.072148 0.332221 -0.028174 0.268954 0.004859 0.005966 -0.020598 0.004620 0.081890 -0.004588 -0.005211 -0.200761
12.0 0.103722 0.077935 0.357320 -0.033947 0.285870 0.007588 0.006579 -0.022986 0.005383 0.086407 -0.005036 -0.005823 -0.214598
13.0 0.116969 0.082386 0.382453 -0.039980 0.303285 0.010502 0.007187 -0.024992 0.006291 0.088948 -0.005551 -0.006368 -0.225703
14.0 0.130807 0.087637 0.406472 -0.046497 0.321440 0.013929 0.007841 -0.026720 0.007341 0.091408 -0.006162 -0.006880 -0.236811
15.0 0.145227 0.093312 0.426259 -0.054118 0.337893 0.017994 0.008558 -0.028306 0.008477 0.093363 -0.006775 -0.007274 -0.247391
16.0 0.160040 0.096441 0.441969 -0.062534 0.351125 0.022170 0.009303 -0.029750 0.009634 0.092454 -0.007371 -0.007406 -0.255221
17.0 0.175123 0.100409 0.457319 -0.070898 0.364803 0.026310 0.010041 -0.031094 0.010829 0.092461 -0.008139 -0.007545 -0.261528
18.0 0.190595 0.106014 0.470166 -0.079322 0.380326 0.030980 0.010833 -0.032454 0.011984 0.093679 -0.009006 -0.007884 -0.269178
19.0 0.206556 0.112938 0.482429 -0.089014 0.396773 0.036462 0.011657 -0.033808 0.013158 0.095451 -0.009981 -0.008299 -0.278081
20.0 0.222995 0.120549 0.495950 -0.099071 0.412905 0.042860 0.012480 -0.035120 0.014369 0.097085 -0.011124 -0.008604 -0.287577
21.0 0.239926 0.128656 0.511848 -0.109990 0.429278 0.050227 0.013307 -0.036430 0.015595 0.098362 -0.012405 -0.008758 -0.297034
22.0 0.257347 0.137402 0.531273 -0.121342 0.445966 0.058573 0.014129 -0.037672 0.016825 0.099300 -0.013752 -0.008828 -0.306820
23.0 0.275288 0.147252 0.554471 -0.133095 0.463210 0.067864 0.014910 -0.038753 0.018079 0.100166 -0.015015 -0.008870 -0.317325
24.0 0.293830 0.158479 0.579817 -0.144366 0.481581 0.078007 0.015646 -0.039619 0.019387 0.101085 -0.016027 -0.008954 -0.329283
25.0 0.313024 0.170409 0.605426 -0.157178 0.500733 0.088743 0.016378 -0.040337 0.020771 0.101558 -0.016704 -0.009071 -0.342260
26.0 0.332881 0.182539 0.630371 -0.170902 0.520116 0.099884 0.017161 -0.040928 0.022264 0.101286 -0.017128 -0.009150 -0.354898
27.0 0.353394 0.195269 0.654967 -0.183997 0.539874 0.111558 0.018003 -0.041374 0.023903 0.100655 -0.017476 -0.009164 -0.368185
28.0 0.374579 0.209095 0.679609 -0.198021 0.560120 0.124027 0.018867 -0.041638 0.025705 0.100044 -0.017910 -0.009119 -0.382545
29.0 0.396474 0.224195 0.705046 -0.214151 0.580798 0.137502 0.019677 -0.041653 0.027664 0.099551 -0.018546 -0.009007 -0.396801
30.0 0.419129 0.240489 0.731695 -0.231368 0.601722 0.151969 0.020411 -0.041332 0.029757 0.099128 -0.019443 -0.008807 -0.410693
31.0 0.442518 0.257692 0.759516 -0.248188 0.622562 0.167259 0.021075 -0.040661 0.031973 0.098663 -0.020618 -0.008518 -0.425684
32.0 0.466650 0.275598 0.745123 -0.267430 0.642802 0.183129 0.021680 -0.039568 0.034300 0.098064 -0.022008 -0.008152 -0.440122
33.0 0.482441 0.215180 0.524472 -0.271260 0.349458 0.182411 0.022108 -0.035346 0.037189 0.038125 -0.029307 -0.002361 -0.340595
34.0 0.486408 0.175532 0.328561 -0.266349 0.110426 0.192206 0.019220 -0.029880 0.037405 -0.011744 -0.031675 -0.001219 -0.122968
35.0 0.482623 0.203167 0.144340 -0.264938 -0.012270 0.215794 0.015840 -0.023965 0.035413 -0.012813 -0.027103 -0.001845 -0.001532
36.0 0.476489 0.236105 0.074836 -0.258669 -0.080900 0.234506 0.011993 -0.015415 0.035083 -0.007977 -0.022085 -0.002818 0.042013
37.0 0.470016 0.260339 0.081774 -0.258103 -0.088420 0.243539 0.009416 -0.006736 0.036752 -0.004610 -0.018022 -0.002772 0.045837
38.0 0.464742 0.271652 0.117799 -0.258918 -0.057681 0.246352 0.008244 0.000925 0.038749 -0.005915 -0.016703 -0.003303 0.026409
39.0 0.461572 0.274545 0.168295 -0.261565 0.000448 0.245390 0.007848 0.007384 0.039971 -0.008574 -0.017475 -0.003473 -0.006209
40.0 0.460576 0.274862 0.224713 -0.265639 0.050091 0.243424 0.007457 0.012630 0.040528 -0.010755 -0.018422 -0.002214 -0.041499
41.0 0.461201 0.278067 0.259800 -0.271152 0.081181 0.242332 0.006938 0.017035 0.040714 -0.009939 -0.019013 -0.001385 -0.066904
42.0 0.462775 0.283519 0.275026 -0.269442 0.093013 0.241328 0.006274 0.020862 0.040588 -0.006411 -0.019123 -0.001059 -0.083782
43.0 0.464757 0.285921 0.279783 -0.269893 0.094113 0.241110 0.005296 0.024344 0.040108 -0.005879 -0.019059 -0.000776 -0.091843
44.0 0.466668 0.283929 0.278929 -0.274518 0.092899 0.243272 0.003722 0.027961 0.039291 -0.011491 -0.018826 -0.000389 -0.090354
45.0 0.468534 0.286935 0.279704 -0.277142 0.094984 0.247213 0.001611 0.031608 0.038114 -0.012836 -0.018775 0.000035 -0.088435
46.0 0.470635 0.290846 0.282739 -0.277216 0.098513 0.251741 -0.000739 0.035491 0.036691 -0.013538 -0.018800 0.000257 -0.091797
47.0 0.473082 0.297105 0.287331 -0.277221 0.103219 0.256211 -0.003080 0.039575 0.035126 -0.011747 -0.018980 0.000231 -0.098294
48.0 0.475905 0.304147 0.291798 -0.278852 0.107574 0.260241 -0.005274 0.043631 0.033390 -0.008636 -0.019205 -0.000057 -0.105484
49.0 0.479069 0.310686 0.296535 -0.278393 0.110005 0.263831 -0.007330 0.047519 0.031369 -0.005142 -0.019560 -0.000147 -0.112172
50.0 0.482424 0.315523 0.301887 -0.283836 0.109170 0.266812 -0.009357 0.051250 0.029108 -0.002439 -0.019851 0.000139 -0.114736
51.0 0.485773 0.318208 0.307296 -0.284568 0.109069 0.269170 -0.011362 0.054800 0.026622 -0.000960 -0.020062 0.000568 -0.115342
52.0 0.489168 0.319582 0.312041 -0.286526 0.111491 0.271081 -0.013275 0.058146 0.024025 -0.000112 -0.020283 0.000708 -0.117106
53.0 0.492580 0.320425 0.317004 -0.291110 0.114931 0.272482 -0.015095 0.061315 0.021438 0.000804 -0.020519 0.000503 -0.117707
54.0 0.496004 0.321008 0.323365 -0.292480 0.119376 0.273442 -0.016826 0.064222 0.018889 0.001939 -0.020658 -0.000024 -0.118921
55.0 0.499454 0.321381 0.331075 -0.297240 0.124113 0.274245 -0.018454 0.066712 0.016410 0.003128 -0.020660 -0.000713 -0.120109
56.0 0.502959 0.321696 0.339310 -0.296582 0.128786 0.275150 -0.019968 0.068664 0.013987 0.004530 -0.020665 -0.001394 -0.121988
57.0 0.506527 0.322123 0.347659 -0.300493 0.132753 0.276248 -0.021369 0.070163 0.011559 0.006199 -0.020676 -0.001995 -0.123896
58.0 0.510076 0.322322 0.355447 -0.305884 0.135581 0.277495 -0.022705 0.071292 0.009012 0.007894 -0.020665 -0.002492 -0.122567
59.0 0.513582 0.322115 0.362752 -0.308395 0.137448 0.278800 -0.024009 0.072120 0.006323 0.009465 -0.020584 -0.002900 -0.120855
60.0 0.517036 0.321271 0.369666 -0.308591 0.138788 0.279931 -0.025209 0.072768 0.003556 0.010632 -0.020407 -0.003229 -0.120618
61.0 0.520396 0.319754 0.375866 -0.309413 0.140160 0.280618 -0.026225 0.073300 0.000781 0.011415 -0.020134 -0.003535 -0.120723
62.0 0.523670 0.317810 0.380528 -0.308973 0.141786 0.280674 -0.027005 0.073732 -0.001944 0.012105 -0.019752 -0.003901 -0.120655
63.0 0.526878 0.315615 0.383106 -0.311077 0.143607 0.280079 -0.027517 0.074028 -0.004574 0.012879 -0.019279 -0.004372 -0.119582
64.0 0.530005 0.313113 0.383566 -0.310948 0.145690 0.278851 -0.027735 0.074137 -0.007068 0.013747 -0.018819 -0.004961 -0.118316
65.0 0.533074 0.310385 0.382703 -0.309586 0.148390 0.277225 -0.027687 0.074036 -0.009396 0.014613 -0.018406 -0.005670 -0.118652
66.0 0.536086 0.307647 0.381340 -0.313990 0.151785 0.275480 -0.027441 0.073726 -0.011549 0.015493 -0.018062 -0.006508 -0.117133
67.0 0.539071 0.305210 0.379920 -0.313028 0.155594 0.273954 -0.027093 0.073247 -0.013511 0.016435 -0.017822 -0.007462 -0.115743
68.0 0.542012 0.303263 0.378409 -0.316562 0.159210 0.272863 -0.026710 0.072669 -0.015308 0.017456 -0.017707 -0.008520 -0.115322
69.0 0.544949 0.301963 0.377312 -0.314148 0.162479 0.272327 -0.026353 0.072074 -0.016922 0.018539 -0.017703 -0.009653 -0.115518
70.0 0.547902 0.301246 0.376789 -0.315593 0.165364 0.272318 -0.026062 0.071517 -0.018331 0.019599 -0.017794 -0.010798 -0.116812
71.0 0.550871 0.300870 0.376781 -0.314750 0.167938 0.272699 -0.025874 0.071031 -0.019522 0.020486 -0.017950 -0.011915 -0.117427
72.0 0.553867 0.300559 0.377619 -0.313736 0.170538 0.273293 -0.025811 0.070621 -0.020522 0.021101 -0.018122 -0.012978 -0.119293
73.0 0.556910 0.300137 0.379475 -0.315184 0.173548 0.273943 -0.025882 0.070284 -0.021374 0.021453 -0.018286 -0.013980 -0.120108
74.0 0.560007 0.299503 0.382364 -0.316131 0.177162 0.274556 -0.026087 0.069983 -0.022121 0.021591 -0.018419 -0.014919 -0.120292
75.0 0.563179 0.298674 0.386279 -0.315858 0.181418 0.275125 -0.026417 0.069694 -0.022797 0.021586 -0.018517 -0.015781 -0.121661
76.0 0.566461 0.297753 0.390865 -0.315895 0.185975 0.275733 -0.026871 0.069421 -0.023446 0.021493 -0.018577 -0.016542 -0.123616
77.0 0.569865 0.296854 0.395461 -0.314443 0.190290 0.276465 -0.027449 0.069164 -0.024099 0.021364 -0.018591 -0.017169 -0.126176
78.0 0.573390 0.296115 0.399330 -0.314088 0.193734 0.277398 -0.028152 0.068912 -0.024764 0.021260 -0.018540 -0.017622 -0.128643
79.0 0.577011 0.295668 0.401866 -0.313207 0.195806 0.278576 -0.028974 0.068679 -0.025428 0.021236 -0.018422 -0.017871 -0.130295
80.0 0.580698 0.295550 0.402671 -0.315171 0.196322 0.280006 -0.029911 0.068477 -0.026073 0.021304 -0.018254 -0.017907 -0.130096
81.0 0.584442 0.295808 0.401648 -0.309591 0.195390 0.281668 -0.030949 0.068356 -0.026683 0.021463 -0.018046 -0.017734 -0.131388
82.0 0.588209 0.296403 0.399019 -0.310332 0.193391 0.283535 -0.032073 0.068319 -0.027230 0.021688 -0.017835 -0.017381 -0.132835
83.0 0.591974 0.297268 0.395177 -0.310263 0.190815 0.285600 -0.033262 0.068370 -0.027696 0.021916 -0.017661 -0.016893 -0.131388
84.0 0.595744 0.298330 0.390657 -0.311508 0.188249 0.287852 -0.034496 0.068519 -0.028063 0.022072 -0.017555 -0.016339 -0.129672
85.0 0.599552 0.299550 0.385969 -0.309367 0.186159 0.290287 -0.035756 0.068775 -0.028325 0.022103 -0.017533 -0.015783 -0.129177
86.0 0.603430 0.300877 0.381363 -0.307232 0.184789 0.292891 -0.037031 0.069127 -0.028487 0.021979 -0.017603 -0.015285 -0.130830
87.0 0.607405 0.302251 0.377094 -0.306161 0.184262 0.295638 -0.038316 0.069578 -0.028560 0.021671 -0.017760 -0.014902 -0.132506
88.0 0.611481 0.303665 0.373161 -0.306455 0.184536 0.298522 -0.039624 0.070107 -0.028557 0.021187 -0.017970 -0.014666 -0.133654
89.0 0.615700 0.305075 0.369537 -0.304602 0.185505 0.301536 -0.040964 0.070701 -0.028510 0.020543 -0.018231 -0.014595 -0.135478
90.0 0.620059 0.306436 0.366152 -0.303078 0.186952 0.304694 -0.042351 0.071329 -0.028439 0.019731 -0.018527 -0.014689 -0.138630
91.0 0.624568 0.307718 0.363075 -0.303137 0.188708 0.307985 -0.043802 0.071976 -0.028369 0.018762 -0.018833 -0.014934 -0.140915
92.0 0.629203 0.308864 0.360261 -0.302122 0.190532 0.311414 -0.045328 0.072610 -0.028321 0.017636 -0.019146 -0.015303 -0.143088
93.0 0.633963 0.309887 0.357922 -0.302910 0.192320 0.314982 -0.046936 0.073218 -0.028317 0.016376 -0.019435 -0.015769 -0.144668
94.0 0.638848 0.310809 0.356037 -0.299999 0.193825 0.318680 -0.048628 0.073789 -0.028373 0.015035 -0.019694 -0.016290 -0.146857
95.0 0.643823 0.311661 0.354573 -0.298562 0.194867 0.322468 -0.050392 0.074311 -0.028491 0.013671 -0.019905 -0.016836 -0.149933
96.0 0.648880 0.312493 0.353380 -0.296640 0.195310 0.326316 -0.052222 0.074784 -0.028666 0.012336 -0.020054 -0.017379 -0.152008
97.0 0.653998 0.313361 0.352374 -0.296823 0.195069 0.330186 -0.054099 0.075208 -0.028873 0.011080 -0.020140 -0.017894 -0.152802
98.0 0.659149 0.314298 0.351212 -0.295270 0.194075 0.334046 -0.056001 0.075589 -0.029093 0.009924 -0.020168 -0.018362 -0.153018
99.0 0.664319 0.315333 0.349601 -0.293093 0.192279 0.337881 -0.057903 0.075941 -0.029311 0.008883 -0.020159 -0.018777 -0.153884
100.0 0.669480 0.316476 0.347381 -0.292506 0.189697 0.341669 -0.059785 0.076270 -0.029506 0.007949 -0.020121 -0.019128 -0.153850
101.0 0.674605 0.317754 0.344635 -0.294007 0.186531 0.345447 -0.061637 0.076566 -0.029659 0.007095 -0.020058 -0.019410 -0.151704
102.0 0.679689 0.319218 0.341440 -0.290027 0.182919 0.349245 -0.063458 0.076827 -0.029758 0.006325 -0.019962 -0.019625 -0.151001
103.0 0.684717 0.320831 0.337759 -0.289242 0.178973 0.353081 -0.065242 0.077045 -0.029795 0.005620 -0.019879 -0.019781 -0.151412
104.0 0.689692 0.322605 0.333775 -0.289238 0.174884 0.356980 -0.066979 0.077230 -0.029760 0.004954 -0.019820 -0.019896 -0.149768
105.0 0.694623 0.324504 0.329409 -0.289174 0.170726 0.360953 -0.068679 0.077384 -0.029658 0.004300 -0.019797 -0.019992 -0.147757
106.0 0.699509 0.326448 0.324602 -0.284325 0.166558 0.365009 -0.070350 0.077500 -0.029503 0.003607 -0.019815 -0.020093 -0.148241
107.0 0.704356 0.328362 0.319347 -0.283131 0.162445 0.369135 -0.072005 0.077567 -0.029314 0.002852 -0.019873 -0.020224 -0.149241
108.0 0.709166 0.330234 0.313709 -0.282476 0.158493 0.373330 -0.073650 0.077579 -0.029095 0.002023 -0.019954 -0.020406 -0.148172
109.0 0.713928 0.331988 0.307809 -0.283126 0.154777 0.377562 -0.075277 0.077544 -0.028850 0.001088 -0.020079 -0.020653 -0.146320
110.0 0.718677 0.333596 0.302027 -0.278239 0.151504 0.381799 -0.076889 0.077465 -0.028584 0.000056 -0.020251 -0.020966 -0.146447
111.0 0.723425 0.335040 0.296751 -0.277257 0.148828 0.385998 -0.078495 0.077353 -0.028307 -0.001048 -0.020462 -0.021338 -0.147601
112.0 0.728209 0.336317 0.292096 -0.275808 0.146752 0.390120 -0.080102 0.077219 -0.028016 -0.002205 -0.020698 -0.021763 -0.147112
113.0 0.733034 0.337481 0.287819 -0.272482 0.145044 0.394131 -0.081705 0.077059 -0.027720 -0.003352 -0.020932 -0.022225 -0.148060
114.0 0.737888 0.338546 0.283769 -0.272714 0.143503 0.397991 -0.083294 0.076867 -0.027428 -0.004455 -0.021135 -0.022713 -0.148384
115.0 0.742796 0.339547 0.279722 -0.267035 0.141908 0.401674 -0.084867 0.076654 -0.027133 -0.005470 -0.021311 -0.023200 -0.149658
116.0 0.747738 0.340532 0.275393 -0.265724 0.139981 0.405186 -0.086420 0.076405 -0.026830 -0.006369 -0.021439 -0.023667 -0.151633
117.0 0.752714 0.341423 0.270814 -0.264640 0.137650 0.408514 -0.087951 0.076111 -0.026524 -0.007164 -0.021563 -0.024096 -0.150922
118.0 0.757699 0.342163 0.265960 -0.262831 0.134827 0.411633 -0.089450 0.075767 -0.026223 -0.007870 -0.021694 -0.024475 -0.150137
119.0 0.762669 0.342742 0.261190 -0.258968 0.131574 0.414526 -0.090928 0.075400 -0.025925 -0.008504 -0.021827 -0.024796 -0.150356
120.0 0.767622 0.343094 0.256557 -0.258532 0.127959 0.417212 -0.092394 0.074981 -0.025632 -0.009071 -0.022001 -0.025057 -0.149381
121.0 0.772538 0.343196 0.251672 -0.252244 0.123917 0.419689 -0.093840 0.074530 -0.025350 -0.009604 -0.022229 -0.025255 -0.149207
122.0 0.777389 0.343036 0.246660 -0.251109 0.119547 0.421964 -0.095263 0.074037 -0.025090 -0.010114 -0.022499 -0.025392 -0.149041
123.0 0.782144 0.342580 0.241569 -0.251878 0.115028 0.424034 -0.096659 0.073491 -0.024864 -0.010632 -0.022789 -0.025479 -0.145127
124.0 0.786799 0.341910 0.236660 -0.248738 0.110675 0.425898 -0.098018 0.072890 -0.024682 -0.011114 -0.023065 -0.025538 -0.142043
125.0 0.791356 0.341099 0.232184 -0.243944 0.106768 0.427570 -0.099333 0.072227 -0.024555 -0.011509 -0.023300 -0.025554 -0.141886
126.0 0.795819 0.340128 0.228196 -0.242228 0.103362 0.429039 -0.100589 0.071507 -0.024498 -0.011815 -0.023515 -0.025538 -0.141335
127.0 0.800198 0.338992 0.224577 -0.239703 0.100470 0.430354 -0.101793 0.070719 -0.024520 -0.012051 -0.023717 -0.025492 -0.139970
128.0 0.804524 0.337682 0.221514 -0.237284 0.098178 0.431542 -0.102951 0.069836 -0.024625 -0.012182 -0.023937 -0.025407 -0.139105
129.0 0.808812 0.336177 0.218957 -0.237216 0.096395 0.432588 -0.104064 0.068912 -0.024819 -0.012250 -0.024189 -0.025288 -0.137315
130.0 0.813084 0.334496 0.216907 -0.235357 0.095093 0.433485 -0.105131 0.067968 -0.025097 -0.012286 -0.024443 -0.025140 -0.135406
131.0 0.817349 0.332744 0.215438 -0.231580 0.094294 0.434264 -0.106148 0.067008 -0.025449 -0.012277 -0.024655 -0.024967 -0.135670
132.0 0.821614 0.330909 0.214622 -0.230651 0.094057 0.434921 -0.107100 0.066030 -0.025871 -0.012244 -0.024827 -0.024769 -0.135900
133.0 0.825891 0.328981 0.214500 -0.229781 0.094396 0.435455 -0.107983 0.065004 -0.026342 -0.012184 -0.024969 -0.024559 -0.135075
134.0 0.830185 0.327000 0.214923 -0.227592 0.095261 0.435897 -0.108789 0.063901 -0.026847 -0.012095 -0.025067 -0.024348 -0.135328
135.0 0.834499 0.325013 0.215894 -0.227922 0.096584 0.436289 -0.109521 0.062714 -0.027365 -0.011970 -0.025135 -0.024127 -0.135415
136.0 0.838835 0.323100 0.217345 -0.225331 0.098262 0.436689 -0.110184 0.061451 -0.027873 -0.011794 -0.025189 -0.023893 -0.136161
137.0 0.843201 0.321324 0.219193 -0.223087 0.100143 0.437141 -0.110788 0.060131 -0.028361 -0.011568 -0.025231 -0.023642 -0.138507
138.0 0.847594 0.319718 0.221261 -0.224871 0.102052 0.437658 -0.111344 0.058786 -0.028815 -0.011302 -0.025265 -0.023370 -0.138990
139.0 0.852016 0.318328 0.223406 -0.225629 0.103893 0.438246 -0.111858 0.057478 -0.029226 -0.011010 -0.025302 -0.023083 -0.138145
140.0 0.856478 0.317189 0.225567 -0.226041 0.105606 0.438905 -0.112327 0.056229 -0.029588 -0.010698 -0.025333 -0.022777 -0.138047
141.0 0.860954 0.316291 0.227698 -0.225806 0.107126 0.439620 -0.112748 0.055071 -0.029904 -0.010383 -0.025366 -0.022465 -0.138750
142.0 0.865461 0.315615 0.229940 -0.226475 0.108525 0.440388 -0.113120 0.053988 -0.030163 -0.010068 -0.025410 -0.022155 -0.139279
143.0 0.870011 0.315148 0.232422 -0.225270 0.109878 0.441200 -0.113435 0.052972 -0.030362 -0.009757 -0.025470 -0.021855 -0.140300
144.0 0.874603 0.314884 0.235122 -0.224650 0.111183 0.442066 -0.113693 0.052008 -0.030509 -0.009469 -0.025518 -0.021563 -0.142148
145.0 0.879228 0.314823 0.237932 -0.225614 0.112427 0.443013 -0.113907 0.051078 -0.030605 -0.009206 -0.025550 -0.021283 -0.143098
146.0 0.883893 0.314969 0.240731 -0.224619 0.113666 0.444049 -0.114077 0.050182 -0.030649 -0.008969 -0.025567 -0.021007 -0.144363
147.0 0.888596 0.315347 0.243208 -0.226789 0.114846 0.445198 -0.114213 0.049313 -0.030646 -0.008751 -0.025554 -0.020736 -0.145213
148.0 0.893359 0.315972 0.245055 -0.227287 0.115888 0.446485 -0.114321 0.048455 -0.030597 -0.008539 -0.025512 -0.020454 -0.145289
149.0 0.898183 0.316894 0.246144 -0.228558 0.116768 0.447965 -0.114403 0.047606 -0.030503 -0.008330 -0.025441 -0.020143 -0.145949
150.0 0.903064 0.318121 0.246659 -0.229851 0.117560 0.449649 -0.114469 0.046779 -0.030372 -0.008117 -0.025348 -0.019801 -0.146447
151.0 0.908040 0.319672 0.247054 -0.228890 0.118453 0.451577 -0.114533 0.045966 -0.030198 -0.007896 -0.025244 -0.019428 -0.148111
152.0 0.913113 0.321547 0.247377 -0.229215 0.119409 0.453773 -0.114600 0.045167 -0.029986 -0.007668 -0.025138 -0.019033 -0.150670
153.0 0.918304 0.323775 0.247761 -0.230977 0.120446 0.456268 -0.114677 0.044388 -0.029726 -0.007444 -0.025033 -0.018636 -0.152135
154.0 0.923627 0.326335 0.248246 -0.230963 0.121569 0.459063 -0.114768 0.043636 -0.029413 -0.007248 -0.024934 -0.018268 -0.154057
155.0 0.929083 0.329199 0.248805 -0.231353 0.122740 0.462144 -0.114866 0.042918 -0.029037 -0.007112 -0.024847 -0.017948 -0.157005
156.0 0.934666 0.332339 0.249375 -0.233039 0.123883 0.465491 -0.114968 0.042235 -0.028583 -0.007044 -0.024792 -0.017688 -0.159406
157.0 0.940373 0.335750 0.249843 -0.233107 0.124995 0.469088 -0.115081 0.041599 -0.028042 -0.007043 -0.024771 -0.017513 -0.162153
158.0 0.946218 0.339431 0.250225 -0.235161 0.126078 0.472938 -0.115217 0.041013 -0.027412 -0.007112 -0.024779 -0.017423 -0.164761
159.0 0.952212 0.343351 0.250462 -0.234190 0.127085 0.477046 -0.115394 0.040472 -0.026695 -0.007268 -0.024811 -0.017418 -0.167923
160.0 0.958351 0.347424 0.250541 -0.236347 0.127988 0.481388 -0.115621 0.039978 -0.025897 -0.007539 -0.024886 -0.017500 -0.171084
161.0 0.964630 0.351612 0.250430 -0.236794 0.128779 0.485953 -0.115911 0.039533 -0.025021 -0.007922 -0.025019 -0.017667 -0.173520
162.0 0.971043 0.355880 0.250146 -0.238388 0.129467 0.490706 -0.116276 0.039139 -0.024083 -0.008417 -0.025189 -0.017908 -0.176185
163.0 0.977566 0.360183 0.249554 -0.241859 0.129971 0.495605 -0.116727 0.038800 -0.023099 -0.009015 -0.025381 -0.018205 -0.177392
164.0 0.984194 0.364472 0.248676 -0.239828 0.130261 0.500621 -0.117272 0.038502 -0.022087 -0.009699 -0.025592 -0.018541 -0.180199
165.0 0.990905 0.368729 0.247468 -0.242596 0.130322 0.505707 -0.117910 0.038251 -0.021061 -0.010450 -0.025809 -0.018900 -0.183269
166.0 0.997701 0.372889 0.245967 -0.242832 0.130212 0.510808 -0.118639 0.038047 -0.020038 -0.011256 -0.026032 -0.019268 -0.184913
167.0 1.004567 0.376847 0.244147 -0.243812 0.129968 0.515840 -0.119459 0.037871 -0.019047 -0.012109 -0.026249 -0.019627 -0.187257
Heating 25.005471 71.171171 22.753219 77.477477 4 6.000000
40 46 35 60
0.0 0.000000 0.000000 0.000000 -0.000000 -0.000000 0.000000 0.000000 0.000000 0.000000 0.000000 0.000000 -0.000000 -8.158228
1.0 0.003475 0.015439 0.218827 -0.002888 0.166223 0.002528 0.000155 0.000001 0.001375 0.009865 0.001514 -0.000623 -0.061279
2.0 0.010789 0.032191 0.227150 -0.006293 0.169046 0.005820 0.000029 0.000052 0.002476 0.021688 0.002126 -0.001749 -0.127156
3.0 0.018242 0.040543 0.220924 -0.008438 0.147201 0.005603 0.000273 0.000108 0.001771 0.031151 0.001638 -0.002029 -0.125611
4.0 0.024920 0.047202 0.215271 -0.009841 0.129796 0.003270 0.001599 -0.000392 0.001427 0.040967 0.000332 -0.002352 -0.117621
5.0 0.031801 0.052968 0.213805 -0.011274 0.141732 0.000693 0.003208 -0.001550 0.001004 0.050352 -0.000738 -0.002619 -0.117754
6.0 0.039474 0.058211 0.221394 -0.013033 0.159566 -0.001724 0.004709 -0.002986 0.000548 0.059427 -0.001762 -0.002892 -0.129944
7.0 0.047925 0.062521 0.236412 -0.015422 0.174638 -0.003699 0.006044 -0.004431 0.000236 0.067113 -0.002741 -0.003543 -0.142417
8.0 0.057025 0.067238 0.250477 -0.018554 0.192589 -0.005341 0.007231 -0.005802 -0.000009 0.074601 -0.003442 -0.004501 -0.154687
9.0 0.066949 0.070653 0.272583 -0.022563 0.216686 -0.006490 0.008257 -0.007013 -0.000337 0.080181 -0.003944 -0.005558 -0.168599
10.0 0.077872 0.075771 0.301683 -0.027659 0.244655 -0.006233 0.009225 -0.008003 -0.000577 0.085810 -0.004450 -0.006684 -0.185267
11.0 0.089814 0.084128 0.330135 -0.034340 0.267703 -0.005010 0.010107 -0.008767 -0.000538 0.093379 -0.005042 -0.007949 -0.202276
12.0 0.102517 0.090019 0.356033 -0.041554 0.286497 -0.003874 0.010957 -0.009162 -0.000263 0.097989 -0.005629 -0.009208 -0.216029
13.0 0.115806 0.094524 0.381648 -0.049331 0.305880 -0.002700 0.011895 -0.009107 0.000158 0.100500 -0.006222 -0.010398 -0.226903
14.0 0.129666 0.099905 0.405402 -0.057757 0.325663 -0.001117 0.012957 -0.008699 0.000627 0.103013 -0.006875 -0.011553 -0.237586
15.0 0.144108 0.106724 0.424295 -0.067211 0.343620 0.001093 0.014068 -0.008072 0.000991 0.106177 -0.007533 -0.012620 -0.247848
16.0 0.158920 0.110766 0.437033 -0.076910 0.356816 0.003335 0.015165 -0.007268 0.001173 0.106570 -0.008209 -0.013355 -0.255416
17.0 0.173921 0.114563 0.449258 -0.086941 0.369714 0.005166 0.016292 -0.006369 0.001277 0.107176 -0.008980 -0.014018 -0.260310
18.0 0.189208 0.119457 0.460392 -0.096153 0.385401 0.007209 0.017452 -0.005464 0.001306 0.108738 -0.009784 -0.014903 -0.266264
19.0 0.204912 0.125241 0.471865 -0.105852 0.403123 0.009901 0.018579 -0.004474 0.001320 0.110540 -0.010626 -0.016088 -0.274478
20.0 0.221081 0.131811 0.485686 -0.116434 0.421222 0.013327 0.019620 -0.003325 0.001316 0.112311 -0.011438 -0.017337 -0.283491
21.0 0.237726 0.139245 0.501923 -0.127326 0.439023 0.017595 0.020547 -0.002041 0.001271 0.114019 -0.012146 -0.018513 -0.292684
22.0 0.254830 0.147674 0.520429 -0.139150 0.455646 0.022922 0.021344 -0.000636 0.001193 0.115647 -0.012796 -0.019518 -0.301714
23.0 0.272366 0.157259 0.540227 -0.150558 0.471363 0.029473 0.021991 0.000997 0.001106 0.117149 -0.013456 -0.020325 -0.310905
24.0 0.290344 0.167948 0.560738 -0.164398 0.486758 0.037212 0.022466 0.002977 0.001021 0.118368 -0.014095 -0.021020 -0.319686
25.0 0.308769 0.179281 0.581407 -0.176770 0.502478 0.045905 0.022760 0.005383 0.000956 0.118917 -0.014640 -0.021705 -0.328887
26.0 0.327656 0.190957 0.602858 -0.191795 0.519609 0.055291 0.022919 0.008140 0.000948 0.118790 -0.015131 -0.022392 -0.338734
27.0 0.347072 0.203485 0.625647 -0.205518 0.539167 0.065327 0.023002 0.011156 0.001022 0.118681 -0.015703 -0.023053 -0.349899
28.0 0.367115 0.217210 0.649623 -0.221119 0.560982 0.076172 0.023001 0.014361 0.001186 0.118965 -0.016474 -0.023685 -0.363391
29.0 0.387880 0.232075 0.674656 -0.238040 0.584182 0.087959 0.022859 0.017754 0.001409 0.119572 -0.017478 -0.024314 -0.377528
30.0 0.409401 0.247851 0.700328 -0.255852 0.607587 0.100733 0.022522 0.021354 0.001638 0.120268 -0.018663 -0.024944 -0.392108
31.0 0.431675 0.264385 0.726133 -0.272356 0.630081 0.114448 0.021961 0.025191 0.001834 0.120908 -0.019957 -0.025591 -0.407390
32.0 0.454629 0.281645 0.708876 -0.291091 0.650688 0.129013 0.021160 0.029279 0.001963 0.121488 -0.021258 -0.026274 -0.422104
33.0 0.469030 0.185012 0.502538 -0.289804 0.374671 0.131197 0.015079 0.037572 0.002521 0.025099 -0.026457 -0.019395 -0.317522
34.0 0.471331 0.134056 0.316266 -0.281585 0.150982 0.144022 0.007366 0.044739 0.001034 -0.036049 -0.027056 -0.018836 -0.099142
35.0 0.465960 0.174096 0.132308 -0.279224 0.005634 0.172372 0.001784 0.050433 -0.000829 -0.025589 -0.024074 -0.019647 0.024291
36.0 0.457770 0.215333 0.053310 -0.274830 -0.074945 0.196446 -0.003494 0.057024 -0.000019 -0.015843 -0.018782 -0.020890 0.071720
37.0 0.449263 0.241340 0.052760 -0.272981 -0.085381 0.210433 -0.007162 0.063648 0.001649 -0.012031 -0.015197 -0.020495 0.078367
38.0 0.442105 0.251664 0.087802 -0.274272 -0.048744 0.216779 -0.009783 0.068954 0.002398 -0.012892 -0.013792 -0.020281 0.057309
39.0 0.437391 0.252217 0.145702 -0.273849 0.017978 0.218955 -0.012058 0.072267 0.002106 -0.014962 -0.014092 -0.020475 0.020172
40.0 0.435205 0.250832 0.203370 -0.276792 0.072266 0.220137 -0.014088 0.073877 0.001205 -0.015801 -0.014499 -0.020177 -0.018485
41.0 0.434611 0.251503 0.234592 -0.275927 0.096653 0.221779 -0.015778 0.074554 -0.000017 -0.014172 -0.014862 -0.020146 -0.043856
42.0 0.434612 0.253753 0.242506 -0.272169 0.098050 0.224138 -0.017505 0.074707 -0.001514 -0.011263 -0.014810 -0.020538 -0.055583
43.0 0.434616 0.253000 0.241520 -0.269342 0.091554 0.228025 -0.019380 0.074678 -0.003433 -0.012383 -0.014507 -0.020682 -0.056780
44.0 0.434422 0.251166 0.237459 -0.266625 0.087835 0.234096 -0.021556 0.074562 -0.005894 -0.016401 -0.013642 -0.020674 -0.054669
45.0 0.434327 0.254439 0.234218 -0.266635 0.087404 0.240993 -0.023796 0.074308 -0.008578 -0.015571 -0.012917 -0.020634 -0.053895
46.0 0.434457 0.255660 0.232190 -0.264120 0.087325 0.247532 -0.025766 0.074079 -0.011125 -0.016446 -0.012613 -0.020801 -0.055286
47.0 0.434760 0.257600 0.232283 -0.262729 0.087864 0.252989 -0.027358 0.073985 -0.013317 -0.015886 -0.012814 -0.021149 -0.057396
48.0 0.435287 0.260812 0.231898 -0.257927 0.088511 0.256936 -0.028419 0.073927 -0.015296 -0.013039 -0.013297 -0.021809 -0.061375
49.0 0.436034 0.264223 0.233203 -0.258878 0.088916 0.259714 -0.029020 0.073854 -0.017278 -0.009124 -0.013923 -0.022419 -0.064739
50.0 0.436947 0.266504 0.236393 -0.255450 0.088842 0.261341 -0.029345 0.073848 -0.019199 -0.005738 -0.014403 -0.022739 -0.067195
51.0 0.437933 0.266834 0.239828 -0.255806 0.089670 0.261767 -0.029336 0.073932 -0.020977 -0.003837 -0.014716 -0.022927 -0.069577
52.0 0.438947 0.265683 0.241703 -0.257657 0.091436 0.261250 -0.028987 0.074052 -0.022454 -0.003221 -0.014957 -0.023395 -0.068805
53.0 0.439929 0.263776 0.243789 -0.257135 0.092860 0.260001 -0.028417 0.074236 -0.023597 -0.003222 -0.015226 -0.024265 -0.067790
54.0 0.440842 0.261687 0.247576 -0.257847 0.094727 0.258120 -0.027731 0.074493 -0.024484 -0.003227 -0.015483 -0.025424 -0.066892
55.0 0.441692 0.259722 0.252978 -0.256214 0.097859 0.255731 -0.027029 0.074732 -0.025174 -0.002920 -0.015619 -0.026687 -0.067108
56.0 0.442566 0.258222 0.260164 -0.258029 0.102775 0.252959 -0.026349 0.074833 -0.025707 -0.001884 -0.015630 -0.027873 -0.067896
57.0 0.443568 0.257281 0.268321 -0.256088 0.109389 0.249979 -0.025694 0.074732 -0.026152 0.000012 -0.015596 -0.028892 -0.070378
58.0 0.444775 0.256576 0.276541 -0.258573 0.116901 0.247043 -0.025104 0.074482 -0.026576 0.002302 -0.015570 -0.029706 -0.073787
59.0 0.446248 0.255801 0.283599 -0.257434 0.123608 0.244408 -0.024661 0.074252 -0.027015 0.004373 -0.015556 -0.030330 -0.076636
60.0 0.447925 0.254712 0.288840 -0.256723 0.128085 0.242174 -0.024401 0.074130 -0.027444 0.005730 -0.015477 -0.030813 -0.080041
61.0 0.449700 0.253573 0.291874 -0.257753 0.129976 0.240269 -0.024288 0.074131 -0.027828 0.006554 -0.015265 -0.031221 -0.080714
62.0 0.451479 0.252721 0.292666 -0.258068 0.129809 0.238525 -0.024268 0.074220 -0.028133 0.007324 -0.014946 -0.031609 -0.079489
63.0 0.453184 0.252246 0.292001 -0.257676 0.128889 0.236763 -0.024283 0.074329 -0.028345 0.008388 -0.014607 -0.031982 -0.078518
64.0 0.454846 0.252075 0.290675 -0.253375 0.128596 0.234946 -0.024294 0.074386 -0.028474 0.009807 -0.014297 -0.032342 -0.079922
65.0 0.456530 0.252168 0.289303 -0.256774 0.129714 0.233246 -0.024282 0.074322 -0.028540 0.011478 -0.014056 -0.032697 -0.080214
66.0 0.458290 0.252468 0.288153 -0.255802 0.132262 0.231893 -0.024268 0.074130 -0.028591 0.013200 -0.013897 -0.033054 -0.080060
67.0 0.460181 0.253034 0.287275 -0.254017 0.135623 0.231145 -0.024303 0.073859 -0.028671 0.014822 -0.013818 -0.033412 -0.083419
68.0 0.462218 0.253982 0.286592 -0.255838 0.138974 0.231172 -0.024431 0.073565 -0.028800 0.016275 -0.013799 -0.033758 -0.086005
69.0 0.464395 0.255306 0.286164 -0.258457 0.141891 0.231984 -0.024661 0.073296 -0.028984 0.017501 -0.013830 -0.034055 -0.086607
70.0 0.466718 0.256915 0.286252 -0.257888 0.144459 0.233465 -0.024989 0.073063 -0.029216 0.018490 -0.013898 -0.034258 -0.088371
71.0 0.469185 0.258627 0.287093 -0.258985 0.146918 0.235412 -0.025405 0.072849 -0.029491 0.019235 -0.013972 -0.034331 -0.090991
72.0 0.471830 0.260258 0.288807 -0.258470 0.149507 0.237592 -0.025905 0.072649 -0.029802 0.019725 -0.014001 -0.034257 -0.093473
73.0 0.474642 0.261549 0.291415 -0.257252 0.152432 0.239788 -0.026489 0.072415 -0.030151 0.019962 -0.013977 -0.034039 -0.097363
74.0 0.477635 0.262366 0.294814 -0.256697 0.155712 0.241855 -0.027154 0.072142 -0.030546 0.019943 -0.013874 -0.033673 -0.101258
75.0 0.480830 0.262775 0.298390 -0.256096 0.158963 0.243800 -0.027904 0.071820 -0.030985 0.019731 -0.013686 -0.033159 -0.104540
76.0 0.484174 0.262816 0.301446 -0.258671 0.161631 0.245612 -0.028732 0.071409 -0.031461 0.019404 -0.013417 -0.032511 -0.106120
77.0 0.487678 0.262667 0.303996 -0.257622 0.163496 0.247395 -0.029649 0.070928 -0.031945 0.019007 -0.013069 -0.031741 -0.106996
78.0 0.491284 0.262448 0.305955 -0.261308 0.164329 0.249221 -0.030656 0.070384 -0.032409 0.018595 -0.012687 -0.030859 -0.106856
79.0 0.494982 0.262403 0.307199 -0.256441 0.164128 0.251173 -0.031739 0.069822 -0.032823 0.018271 -0.012301 -0.029885 -0.107825
80.0 0.498707 0.262624 0.307569 -0.257980 0.162995 0.253281 -0.032885 0.069229 -0.033151 0.018080 -0.011930 -0.028842 -0.109706
81.0 0.502452 0.263209 0.306988 -0.255446 0.161161 0.255615 -0.034077 0.068628 -0.033374 0.018015 -0.011596 -0.027769 -0.110013
82.0 0.506209 0.264152 0.305619 -0.255341 0.159017 0.258191 -0.035282 0.068033 -0.033485 0.018000 -0.011305 -0.026708 -0.111083
83.0 0.509990 0.265404 0.303744 -0.253403 0.157033 0.261042 -0.036480 0.067431 -0.033476 0.017965 -0.011077 -0.025711 -0.111969
84.0 0.513818 0.266861 0.301531 -0.255422 0.155527 0.264144 -0.037649 0.066816 -0.033357 0.017837 -0.010931 -0.024828 -0.112111
85.0 0.517707 0.268414 0.299052 -0.254664 0.154779 0.267482 -0.038771 0.066172 -0.033139 0.017563 -0.010893 -0.024099 -0.112171
86.0 0.521688 0.270053 0.296549 -0.252905 0.154942 0.271046 -0.039835 0.065504 -0.032837 0.017129 -0.010955 -0.023538 -0.114640
87.0 0.525796 0.271716 0.294311 -0.252035 0.156073 0.274795 -0.040850 0.064814 -0.032456 0.016533 -0.011120 -0.023164 -0.117710
88.0 0.530055 0.273419 0.292470 -0.251039 0.158021 0.278718 -0.041831 0.064110 -0.032008 0.015798 -0.011367 -0.022971 -0.120940
89.0 0.534479 0.275164 0.291084 -0.249864 0.160587 0.282795 -0.042799 0.063394 -0.031494 0.014948 -0.011679 -0.022930 -0.124800
90.0 0.539071 0.276931 0.290134 -0.252652 0.163497 0.286997 -0.043771 0.062680 -0.030918 0.013985 -0.012042 -0.023004 -0.127130
91.0 0.543846 0.278711 0.289791 -0.250090 0.166549 0.291307 -0.044771 0.061979 -0.030288 0.012932 -0.012448 -0.023146 -0.130196
92.0 0.548778 0.280474 0.289724 -0.249760 0.169433 0.295655 -0.045804 0.061300 -0.029602 0.011797 -0.012871 -0.023321 -0.134967
93.0 0.553871 0.282322 0.289830 -0.251827 0.171955 0.300063 -0.046896 0.060654 -0.028862 0.010627 -0.013264 -0.023492 -0.137151
94.0 0.559099 0.284284 0.289072 -0.252217 0.173661 0.304482 -0.048048 0.060046 -0.028073 0.009451 -0.013575 -0.023631 -0.138702
95.0 0.564463 0.286440 0.287316 -0.251774 0.174216 0.308882 -0.049265 0.059492 -0.027251 0.008339 -0.013757 -0.023717 -0.140725
96.0 0.569955 0.288725 0.284927 -0.250621 0.173400 0.313245 -0.050549 0.058995 -0.026413 0.007307 -0.013860 -0.023734 -0.142526
97.0 0.575550 0.290934 0.283287 -0.249752 0.171839 0.317468 -0.051878 0.058548 -0.025576 0.006342 -0.013970 -0.023677 -0.143796
98.0 0.581213 0.292983 0.282488 -0.248905 0.169874 0.321481 -0.053231 0.058177 -0.024755 0.005454 -0.014143 -0.023554 -0.144567
99.0 0.586907 0.294976 0.281533 -0.248930 0.167239 0.325251 -0.054588 0.057889 -0.023952 0.004709 -0.014334 -0.023368 -0.144608
100.0 0.592590 0.296866 0.279974 -0.247769 0.163800 0.328784 -0.055946 0.057650 -0.023173 0.004081 -0.014529 -0.023129 -0.144380
101.0 0.598242 0.298612 0.277526 -0.246376 0.159627 0.332089 -0.057292 0.057470 -0.022423 0.003478 -0.014710 -0.022849 -0.144174
102.0 0.603814 0.300099 0.274499 -0.248202 0.155026 0.335163 -0.058616 0.057339 -0.021707 0.002833 -0.014912 -0.022538 -0.142127
103.0 0.609295 0.301296 0.271470 -0.247325 0.150507 0.338059 -0.059926 0.057233 -0.021039 0.002136 -0.015167 -0.022212 -0.139474
104.0 0.614704 0.302258 0.268730 -0.243972 0.146423 0.340847 -0.061231 0.057141 -0.020432 0.001412 -0.015479 -0.021887 -0.139272
105.0 0.620031 0.303007 0.266492 -0.245445 0.142998 0.343556 -0.062528 0.057046 -0.019899 0.000676 -0.015843 -0.021575 -0.138286
106.0 0.625293 0.303569 0.264818 -0.243524 0.140360 0.346202 -0.063815 0.056958 -0.019448 -0.000091 -0.016236 -0.021286 -0.136958
107.0 0.630489 0.303987 0.263715 -0.245381 0.138525 0.348792 -0.065085 0.056865 -0.019086 -0.000854 -0.016645 -0.021030 -0.136042
108.0 0.635644 0.304273 0.263038 -0.243669 0.137429 0.351344 -0.066336 0.056750 -0.018817 -0.001616 -0.017052 -0.020814 -0.135419
109.0 0.640771 0.304422 0.262903 -0.245404 0.137128 0.353854 -0.067568 0.056612 -0.018640 -0.002414 -0.017422 -0.020634 -0.135350
110.0 0.645883 0.304459 0.262887 -0.244819 0.137338 0.356309 -0.068781 0.056463 -0.018553 -0.003255 -0.017723 -0.020492 -0.135099
111.0 0.650984 0.304370 0.262647 -0.245324 0.137807 0.358703 -0.069969 0.056290 -0.018544 -0.004126 -0.017985 -0.020386 -0.135671
112.0 0.656095 0.304211 0.262234 -0.245172 0.138446 0.361049 -0.071135 0.056102 -0.018597 -0.004964 -0.018245 -0.020311 -0.135932
113.0 0.661219 0.303983 0.261881 -0.244401 0.139216 0.363345 -0.072289 0.055895 -0.018703 -0.005767 -0.018497 -0.020260 -0.136862
114.0 0.666336 0.303699 0.261717 -0.245736 0.140114 0.365599 -0.073443 0.055675 -0.018847 -0.006521 -0.018763 -0.020218 -0.137264
115.0 0.671475 0.303452 0.262008 -0.246077 0.141215 0.367826 -0.074599 0.055459 -0.019017 -0.007195 -0.019022 -0.020171 -0.137031
116.0 0.676622 0.303285 0.262201 -0.246288 0.142131 0.370033 -0.075757 0.055261 -0.019211 -0.007744 -0.019296 -0.020105 -0.137543
117.0 0.681801 0.303284 0.262064 -0.245813 0.142514 0.372225 -0.076908 0.055092 -0.019425 -0.008148 -0.019552 -0.020007 -0.138071
118.0 0.687014 0.303497 0.261482 -0.246577 0.142029 0.374432 -0.078053 0.054948 -0.019642 -0.008454 -0.019734 -0.019868 -0.137826
119.0 0.692254 0.303846 0.261462 -0.245352 0.141339 0.376632 -0.079203 0.054822 -0.019862 -0.008681 -0.019863 -0.019683 -0.137692
120.0 0.697512 0.304255 0.262262 -0.244519 0.140951 0.378806 -0.080354 0.054711 -0.020096 -0.008836 -0.019975 -0.019454 -0.138627
121.0 0.702773 0.304658 0.262926 -0.243555 0.140376 0.380958 -0.081506 0.054601 -0.020345 -0.008955 -0.020094 -0.019184 -0.139673
122.0 0.707969 0.304960 0.263233 -0.243968 0.139424 0.383080 -0.082654 0.054483 -0.020605 -0.009050 -0.020295 -0.018889 -0.140343
123.0 0.713146 0.305188 0.263403 -0.243252 0.138307 0.385203 -0.083795 0.054379 -0.020875 -0.009109 -0.020615 -0.018577 -0.140183
124.0 0.718289 0.305363 0.263411 -0.243015 0.137179 0.387296 -0.084919 0.054302 -0.021147 -0.009125 -0.021044 -0.018268 -0.140318
125.0 0.723401 0.305581 0.263387 -0.243443 0.136126 0.389359 -0.086028 0.054236 -0.021410 -0.009075 -0.021500 -0.017949 -0.139887
126.0 0.728486 0.305918 0.262978 -0.243820 0.135082 0.391400 -0.087120 0.054172 -0.021663 -0.008963 -0.021907 -0.017646 -0.139246
127.0 0.733562 0.306363 0.261929 -0.243205 0.133886 0.393412 -0.088175 0.054113 -0.021902 -0.008837 -0.022247 -0.017367 -0.139003
128.0 0.738661 0.306916 0.260763 -0.240481 0.132762 0.395447 -0.089219 0.054030 -0.022112 -0.008713 -0.022517 -0.017106 -0.140089
129.0 0.743819 0.307595 0.260041 -0.238626 0.132035 0.397528 -0.090265 0.053912 -0.022294 -0.008551 -0.022734 -0.016891 -0.141843
130.0 0.749040 0.308419 0.259141 -0.238349 0.131319 0.399678 -0.091307 0.053739 -0.022468 -0.008273 -0.022951 -0.016691 -0.142635
131.0 0.754305 0.309330 0.257547 -0.237321 0.130307 0.401919 -0.092358 0.053513 -0.022650 -0.007899 -0.023195 -0.016505 -0.143138
132.0 0.759599 0.310256 0.255403 -0.237288 0.129071 0.404246 -0.093426 0.053245 -0.022853 -0.007494 -0.023463 -0.016334 -0.143403
133.0 0.764958 0.311191 0.252938 -0.234699 0.127767 0.406675 -0.094519 0.052928 -0.023093 -0.007103 -0.023698 -0.016164 -0.144028
134.0 0.770418 0.312027 0.250230 -0.231467 0.126376 0.409197 -0.095643 0.052541 -0.023384 -0.006820 -0.023864 -0.015995 -0.145840
135.0 0.775959 0.312732 0.247633 -0.229683 0.124958 0.411801 -0.096796 0.052089 -0.023729 -0.006670 -0.023963 -0.015818 -0.147238
136.0 0.781567 0.313309 0.245345 -0.226576 0.123590 0.414487 -0.097966 0.051588 -0.024132 -0.006642 -0.024027 -0.015643 -0.148568
137.0 0.787209 0.313801 0.243272 -0.224669 0.122222 0.417278 -0.099138 0.051089 -0.024577 -0.006771 -0.024080 -0.015478 -0.150143
138.0 0.792880 0.314360 0.241578 -0.223958 0.120908 0.420211 -0.100302 0.050627 -0.025031 -0.007044 -0.024101 -0.015326 -0.150558
139.0 0.798577 0.315122 0.240436 -0.222520 0.119712 0.423253 -0.101418 0.050204 -0.025452 -0.007389 -0.024076 -0.015200 -0.150978
140.0 0.804311 0.316235 0.239856 -0.224199 0.118721 0.426401 -0.102452 0.049811 -0.025804 -0.007727 -0.023994 -0.015104 -0.150512
141.0 0.810082 0.317858 0.239715 -0.222085 0.117898 0.429680 -0.103384 0.049477 -0.026062 -0.007983 -0.023871 -0.015035 -0.150971
142.0 0.815887 0.320018 0.239960 -0.224425 0.117223 0.433126 -0.104212 0.049175 -0.026203 -0.008142 -0.023725 -0.014997 -0.151791
143.0 0.821759 0.322669 0.240461 -0.224874 0.116657 0.436753 -0.104954 0.048879 -0.026201 -0.008230 -0.023579 -0.014983 -0.151666
144.0 0.827725 0.325700 0.241057 -0.223550 0.116128 0.440563 -0.105633 0.048552 -0.026046 -0.008274 -0.023464 -0.014995 -0.153648
145.0 0.833786 0.328988 0.241583 -0.222367 0.115571 0.444523 -0.106274 0.048173 -0.025735 -0.008330 -0.023369 -0.015031 -0.156737
146.0 0.839925 0.332427 0.241964 -0.224932 0.115021 0.448571 -0.106888 0.047736 -0.025276 -0.008411 -0.023303 -0.015087 -0.158179
147.0 0.846140 0.335923 0.242139 -0.222842 0.114469 0.452652 -0.107489 0.047262 -0.024700 -0.008519 -0.023284 -0.015167 -0.160185
148.0 0.852428 0.339399 0.242006 -0.224099 0.113862 0.456745 -0.108100 0.046781 -0.024044 -0.008667 -0.023316 -0.015270 -0.162832
149.0 0.858790 0.342781 0.241485 -0.227517 0.113160 0.460844 -0.108739 0.046341 -0.023350 -0.008915 -0.023400 -0.015392 -0.162569
150.0 0.865230 0.346042 0.240578 -0.225625 0.112307 0.464956 -0.109422 0.045970 -0.022635 -0.009324 -0.023504 -0.015505 -0.163605
151.0 0.871731 0.349151 0.239427 -0.225477 0.111341 0.469046 -0.110139 0.045655 -0.021907 -0.009881 -0.023623 -0.015630 -0.166293
152.0 0.878270 0.352112 0.238176 -0.225127 0.110338 0.473089 -0.110887 0.045388 -0.021173 -0.010551 -0.023755 -0.015761 -0.168159
153.0 0.884843 0.354952 0.236947 -0.226983 0.109374 0.477085 -0.111656 0.045150 -0.020440 -0.011283 -0.023903 -0.015899 -0.168919
154.0 0.891443 0.357672 0.235797 -0.229112 0.108538 0.481032 -0.112425 0.044915 -0.019719 -0.012054 -0.024077 -0.016040 -0.168452
155.0 0.898071 0.360281 0.234904 -0.228663 0.107956 0.484943 -0.113190 0.044670 -0.019024 -0.012836 -0.024283 -0.016188 -0.169203
156.0 0.904731 0.362815 0.234271 -0.226948 0.107685 0.488845 -0.113955 0.044401 -0.018362 -0.013599 -0.024516 -0.016348 -0.172015
157.0 0.911421 0.365305 0.233878 -0.228248 0.107655 0.492737 -0.114728 0.044120 -0.017726 -0.014326 -0.024772 -0.016506 -0.174180
158.0 0.918139 0.367788 0.233651 -0.231244 0.107793 0.496600 -0.115518 0.043839 -0.017113 -0.014996 -0.025025 -0.016675 -0.174191
159.0 0.924886 0.370259 0.233355 -0.230802 0.107888 0.500437 -0.116329 0.043568 -0.016523 -0.015636 -0.025258 -0.016845 -0.175105
160.0 0.931642 0.372672 0.232961 -0.232345 0.107853 0.504215 -0.117160 0.043302 -0.015945 -0.016266 -0.025475 -0.017025 -0.176777
161.0 0.938405 0.374981 0.232387 -0.233722 0.107604 0.507924 -0.118010 0.043022 -0.015378 -0.016891 -0.025686 -0.017204 -0.177309
162.0 0.945166 0.377154 0.231452 -0.234693 0.107083 0.511552 -0.118878 0.042736 -0.014823 -0.017552 -0.025880 -0.017384 -0.177823
163.0 0.951911 0.379150 0.230051 -0.234292 0.106346 0.515095 -0.119768 0.042418 -0.014288 -0.018263 -0.026044 -0.017570 -0.178937
164.0 0.958608 0.380900 0.228491 -0.238610 0.105502 0.518513 -0.120668 0.042064 -0.013785 -0.019016 -0.026209 -0.017761 -0.178255
165.0 0.965261 0.382408 0.227093 -0.240291 0.104714 0.521794 -0.121573 0.041687 -0.013325 -0.019791 -0.026384 -0.017957 -0.176229
166.0 0.971858 0.383651 0.225997 -0.240581 0.104063 0.524923 -0.122479 0.041269 -0.012916 -0.020575 -0.026570 -0.018160 -0.176150
167.0 0.978388 0.384636 0.225157 -0.240621 0.103490 0.527894 -0.123388 0.040816 -0.012568 -0.021358 -0.026760 -0.018376 -0.176807
