Heating 28.609075 69.369369 26.356822 75.675676 4 6.000000
48 42 43 56
0.0 0.000000 0.000000 0.000000 -0.000000 -0.000000 0.000000 0.000000 0.000000 0.000000 0.000000 0.000000 -0.000000 0.000000
1.0 0.003270 0.004318 0.263760 -0.001164 0.156428 0.000805 -0.000025 0.000526 -0.000065 0.000802 0.002275 0.000215 -0.053738
2.0 0.009232 0.011972 0.312697 -0.003197 0.142330 0.002062 -0.000154 0.002258 0.000462 0.002311 0.005033 0.000527 -0.108023
3.0 0.015281 0.020424 0.285637 -0.005106 0.137658 0.003187 0.000215 0.004062 0.001270 0.004368 0.007322 0.000521 -0.104167
4.0 0.021535 0.026624 0.272974 -0.006888 0.141182 0.004938 0.000967 0.005003 0.001290 0.006076 0.008349 0.000809 -0.107585
5.0 0.028283 0.030803 0.280867 -0.008851 0.153200 0.007476 0.001714 0.005154 0.000350 0.007036 0.009073 0.001326 -0.115113
6.0 0.035890 0.033187 0.303111 -0.011327 0.180560 0.010444 0.002411 0.004983 -0.001205 0.007263 0.009291 0.001880 -0.129537
7.0 0.044685 0.035547 0.337772 -0.014858 0.208446 0.014132 0.003001 0.004580 -0.003082 0.007769 0.009147 0.002468 -0.147588
8.0 0.054305 0.038570 0.371803 -0.019305 0.224246 0.018309 0.003572 0.004001 -0.004885 0.008827 0.008745 0.003099 -0.162150
9.0 0.064295 0.040844 0.412065 -0.024359 0.232203 0.022503 0.004314 0.003244 -0.006548 0.009285 0.008045 0.003935 -0.169693
10.0 0.074472 0.043061 0.449779 -0.030518 0.241791 0.026205 0.005256 0.002430 -0.008061 0.010275 0.006956 0.004981 -0.174553
11.0 0.084913 0.045077 0.487066 -0.037162 0.253676 0.029228 0.006323 0.001813 -0.009353 0.011394 0.005671 0.006471 -0.180161
12.0 0.095677 0.047536 0.523286 -0.044882 0.267208 0.031783 0.007434 0.001540 -0.010349 0.012808 0.004320 0.008365 -0.187033
13.0 0.106869 0.050579 0.559646 -0.053340 0.283747 0.034232 0.008548 0.001566 -0.011039 0.014291 0.002980 0.010594 -0.195369
14.0 0.118563 0.054731 0.592118 -0.062149 0.300048 0.036997 0.009664 0.001793 -0.011503 0.016058 0.001723 0.012998 -0.205053
15.0 0.130762 0.060284 0.621719 -0.071857 0.316509 0.040480 0.010755 0.002076 -0.011837 0.018209 0.000601 0.015452 -0.215416
16.0 0.143584 0.067587 0.651431 -0.082700 0.336660 0.045019 0.011783 0.002275 -0.012105 0.020856 -0.000241 0.017987 -0.227386
17.0 0.157217 0.076798 0.681531 -0.095050 0.359752 0.050836 0.012705 0.002322 -0.012348 0.023860 -0.000577 0.020546 -0.241725
18.0 0.171731 0.087711 0.709971 -0.107245 0.382032 0.058000 0.013515 0.002270 -0.012612 0.026754 -0.000215 0.023125 -0.257717
19.0 0.187007 0.099253 0.732571 -0.121294 0.398793 0.066242 0.014205 0.002161 -0.012904 0.028877 0.000671 0.025789 -0.271880
20.0 0.202817 0.110772 0.748421 -0.132980 0.410976 0.075120 0.014768 0.001925 -0.013255 0.030729 0.001487 0.028585 -0.283461
21.0 0.219012 0.122190 0.765455 -0.147304 0.420568 0.084603 0.015201 0.001484 -0.013496 0.032744 0.001653 0.031807 -0.292752
22.0 0.235515 0.133608 0.786689 -0.160040 0.429796 0.094696 0.015506 0.000858 -0.013532 0.034854 0.001226 0.035542 -0.301057
23.0 0.252401 0.145384 0.813098 -0.173800 0.440976 0.105375 0.015686 0.000099 -0.013387 0.037104 0.000507 0.039597 -0.310442
24.0 0.269800 0.157538 0.842703 -0.185998 0.453973 0.116622 0.015736 -0.000744 -0.013118 0.039342 -0.000300 0.043791 -0.321540
25.0 0.287737 0.169749 0.872192 -0.201430 0.466993 0.128359 0.015651 -0.001708 -0.012790 0.041414 -0.001177 0.047886 -0.332753
26.0 0.306136 0.181691 0.899985 -0.216144 0.479501 0.140494 0.015431 -0.002841 -0.012466 0.043346 -0.002273 0.051651 -0.342757
27.0 0.324967 0.193583 0.927601 -0.229489 0.492130 0.153137 0.015044 -0.004152 -0.012118 0.045229 -0.003556 0.055035 -0.353329
28.0 0.344227 0.205747 0.955370 -0.243192 0.505225 0.166428 0.014494 -0.005657 -0.011713 0.047094 -0.004899 0.058048 -0.364468
29.0 0.363931 0.218423 0.982123 -0.258628 0.518331 0.180451 0.013813 -0.007339 -0.011215 0.048932 -0.006218 0.060665 -0.374677
30.0 0.384082 0.231701 1.007466 -0.273458 0.531119 0.195171 0.013030 -0.009164 -0.010578 0.050801 -0.007559 0.062938 -0.384333
31.0 0.404725 0.245644 1.031930 -0.286067 0.543418 0.210629 0.012127 -0.011037 -0.009741 0.052718 -0.009052 0.065014 -0.395014
32.0 0.425872 0.260307 1.014330 -0.299416 0.554859 0.226833 0.011098 -0.012919 -0.008659 0.054698 -0.010743 0.067080 -0.406242
33.0 0.441227 0.268649 0.605581 -0.298949 0.326058 0.234188 0.006081 -0.013156 -0.014064 0.074481 -0.018881 0.043168 -0.338038
34.0 0.445823 0.245778 0.353177 -0.296346 0.042425 0.238450 0.002104 -0.014278 -0.015452 0.071267 -0.036313 0.033065 -0.145156
35.0 0.440648 0.225723 0.234067 -0.293553 -0.092991 0.239392 -0.000792 -0.010607 -0.011354 0.047051 -0.037967 0.037691 0.007698
36.0 0.432167 0.222132 0.196692 -0.291527 -0.113141 0.238233 -0.002354 -0.005186 -0.005508 0.029168 -0.032221 0.042257 0.063861
37.0 0.424627 0.230550 0.217192 -0.287493 -0.077026 0.237397 -0.003217 -0.001109 0.000358 0.024477 -0.027357 0.044461 0.054569
38.0 0.419312 0.240559 0.269299 -0.292413 -0.031302 0.237392 -0.004188 0.000936 0.005169 0.026345 -0.025095 0.044255 0.021689
39.0 0.415957 0.246867 0.300503 -0.297801 0.009026 0.237994 -0.005178 0.001619 0.008467 0.029084 -0.025120 0.041995 -0.007440
40.0 0.414193 0.247136 0.317098 -0.298676 0.049149 0.240245 -0.006235 0.001294 0.010645 0.026824 -0.025637 0.039533 -0.032719
41.0 0.414051 0.248708 0.330479 -0.299831 0.087485 0.245188 -0.007543 0.000424 0.012487 0.024747 -0.026595 0.037453 -0.056614
42.0 0.415227 0.251256 0.343151 -0.299958 0.113025 0.252432 -0.009082 -0.000797 0.014379 0.021653 -0.027329 0.035986 -0.077656
43.0 0.417425 0.255928 0.353507 -0.299340 0.129486 0.260960 -0.010972 -0.002312 0.016280 0.019715 -0.027742 0.034595 -0.092910
44.0 0.420363 0.261098 0.362824 -0.298273 0.140158 0.269596 -0.013200 -0.003931 0.018186 0.017966 -0.027520 0.033301 -0.104967
45.0 0.423919 0.265919 0.371555 -0.297314 0.147201 0.277249 -0.015510 -0.005520 0.020161 0.016299 -0.026760 0.032229 -0.113716
46.0 0.427896 0.269637 0.375814 -0.295100 0.148683 0.283109 -0.017584 -0.007024 0.022202 0.014734 -0.025800 0.031581 -0.119602
47.0 0.431987 0.271271 0.376644 -0.292619 0.145677 0.286695 -0.019123 -0.008460 0.024282 0.013008 -0.025132 0.031273 -0.122468
48.0 0.435914 0.270214 0.376290 -0.295973 0.139107 0.287847 -0.020042 -0.009704 0.026402 0.010731 -0.025021 0.031165 -0.118643
49.0 0.439504 0.268169 0.377453 -0.296971 0.132289 0.286949 -0.020429 -0.010619 0.028611 0.008914 -0.025256 0.031031 -0.110798
50.0 0.442832 0.266303 0.382426 -0.295681 0.127981 0.284706 -0.020387 -0.011267 0.030888 0.007988 -0.025626 0.030881 -0.105372
51.0 0.446057 0.265507 0.391928 -0.295086 0.127850 0.281660 -0.020050 -0.011790 0.033222 0.008531 -0.026065 0.030720 -0.103442
52.0 0.449333 0.265255 0.404147 -0.299631 0.132378 0.278155 -0.019581 -0.012145 0.035692 0.009901 -0.026766 0.030513 -0.102544
53.0 0.452771 0.265312 0.416299 -0.299313 0.140868 0.274525 -0.019123 -0.012234 0.038258 0.011623 -0.027738 0.030058 -0.105217
54.0 0.456449 0.265818 0.427189 -0.300072 0.150178 0.270927 -0.018696 -0.012031 0.040849 0.013589 -0.028820 0.029117 -0.111554
55.0 0.460327 0.266333 0.438346 -0.301593 0.157348 0.267370 -0.018245 -0.011583 0.043407 0.015397 -0.030014 0.027763 -0.116429
56.0 0.464304 0.266750 0.450400 -0.306900 0.162456 0.263879 -0.017711 -0.010879 0.045861 0.016855 -0.031254 0.026185 -0.117351
57.0 0.468273 0.267115 0.463218 -0.311561 0.166001 0.260381 -0.017051 -0.009907 0.048187 0.017970 -0.032466 0.024662 -0.115599
58.0 0.472147 0.267290 0.475450 -0.311972 0.168587 0.256750 -0.016239 -0.008707 0.050369 0.018747 -0.033631 0.023307 -0.115725
59.0 0.475918 0.267225 0.485780 -0.313436 0.170111 0.252862 -0.015275 -0.007319 0.052310 0.019343 -0.034696 0.022060 -0.116419
60.0 0.479539 0.266764 0.493629 -0.315813 0.170196 0.248511 -0.014186 -0.005823 0.053941 0.020005 -0.035684 0.020815 -0.114991
61.0 0.482957 0.265591 0.499238 -0.318993 0.168962 0.243588 -0.013016 -0.004373 0.055249 0.020788 -0.036645 0.019516 -0.111178
62.0 0.486116 0.263675 0.503148 -0.319575 0.166983 0.238052 -0.011830 -0.003102 0.056247 0.021740 -0.037432 0.018167 -0.106887
63.0 0.488966 0.261096 0.505818 -0.322254 0.164932 0.232024 -0.010652 -0.002046 0.056919 0.022796 -0.037945 0.016770 -0.102102
64.0 0.491494 0.257864 0.507753 -0.325030 0.163712 0.225736 -0.009519 -0.001244 0.057297 0.023889 -0.038295 0.015342 -0.095991
65.0 0.493746 0.254175 0.509944 -0.324391 0.164162 0.219459 -0.008482 -0.000697 0.057423 0.024974 -0.038502 0.013920 -0.091856
66.0 0.495775 0.250240 0.512696 -0.324709 0.166357 0.213400 -0.007587 -0.000390 0.057315 0.026078 -0.038575 0.012551 -0.089923
67.0 0.497655 0.246221 0.515905 -0.328020 0.170009 0.207730 -0.006866 -0.000299 0.057002 0.027188 -0.038533 0.011257 -0.086908
68.0 0.499426 0.242168 0.519801 -0.325524 0.174810 0.202553 -0.006342 -0.000434 0.056513 0.028281 -0.038403 0.010025 -0.086306
69.0 0.501083 0.237873 0.523496 -0.327429 0.179840 0.197847 -0.005996 -0.000764 0.055855 0.029182 -0.038250 0.008898 -0.087074
70.0 0.502607 0.233305 0.525054 -0.330039 0.183879 0.193576 -0.005797 -0.001268 0.055081 0.029795 -0.038083 0.007932 -0.084941
71.0 0.503945 0.228424 0.522940 -0.330447 0.185679 0.189643 -0.005714 -0.001917 0.054242 0.030010 -0.037841 0.007180 -0.082249
72.0 0.505127 0.222875 0.519440 -0.323599 0.186051 0.186029 -0.005716 -0.002687 0.053325 0.029655 -0.037731 0.006711 -0.081986
73.0 0.506159 0.217140 0.517260 -0.324265 0.186368 0.182740 -0.005777 -0.003580 0.052336 0.029085 -0.037664 0.006560 -0.080662
74.0 0.506965 0.211726 0.516444 -0.325347 0.186799 0.179710 -0.005867 -0.004594 0.051328 0.028582 -0.037433 0.006749 -0.076421
75.0 0.507545 0.206871 0.516291 -0.327915 0.186902 0.176964 -0.005961 -0.005646 0.050279 0.028223 -0.036988 0.007252 -0.071874
76.0 0.507894 0.202696 0.516074 -0.326084 0.186570 0.174548 -0.006027 -0.006694 0.049213 0.028056 -0.036399 0.008024 -0.069368
77.0 0.508031 0.199214 0.515461 -0.327806 0.185904 0.172479 -0.006045 -0.007681 0.048153 0.028060 -0.035753 0.008998 -0.067659
78.0 0.507985 0.196358 0.514206 -0.327945 0.185118 0.170756 -0.006009 -0.008566 0.047103 0.028150 -0.035076 0.010108 -0.065347
79.0 0.507784 0.194044 0.512465 -0.332080 0.184432 0.169404 -0.005929 -0.009346 0.046076 0.028208 -0.034368 0.011267 -0.062255
80.0 0.507493 0.192254 0.510205 -0.331466 0.184069 0.168474 -0.005828 -0.010001 0.045072 0.028142 -0.033604 0.012399 -0.059788
81.0 0.507158 0.190831 0.507230 -0.331403 0.184148 0.167937 -0.005731 -0.010537 0.044078 0.027909 -0.032824 0.013478 -0.059840
82.0 0.506811 0.189736 0.503565 -0.330937 0.184696 0.167791 -0.005664 -0.010967 0.043085 0.027541 -0.032049 0.014474 -0.060284
83.0 0.506495 0.188929 0.499692 -0.334797 0.185813 0.168041 -0.005646 -0.011333 0.042076 0.027070 -0.031279 0.015358 -0.059165
84.0 0.506233 0.188401 0.496280 -0.333870 0.187700 0.168667 -0.005690 -0.011642 0.041034 0.026533 -0.030500 0.016122 -0.058921
85.0 0.506058 0.188134 0.492953 -0.334754 0.190011 0.169672 -0.005799 -0.011911 0.039940 0.025926 -0.029693 0.016752 -0.060653
86.0 0.505987 0.188201 0.490044 -0.331897 0.192933 0.170987 -0.005972 -0.012170 0.038818 0.025339 -0.028802 0.017237 -0.063880
87.0 0.506091 0.188267 0.484526 -0.327373 0.194879 0.172639 -0.006241 -0.012386 0.037605 0.024604 -0.027953 0.017601 -0.069088
88.0 0.506344 0.188331 0.474545 -0.325818 0.193948 0.174630 -0.006608 -0.012566 0.036341 0.023779 -0.027247 0.017869 -0.071826
89.0 0.506711 0.188666 0.464154 -0.324959 0.191866 0.176866 -0.007067 -0.012697 0.035076 0.023063 -0.026576 0.018063 -0.071051
90.0 0.507206 0.189313 0.456389 -0.316898 0.190648 0.179342 -0.007615 -0.012836 0.033833 0.022435 -0.025847 0.018193 -0.073479
91.0 0.507801 0.190155 0.450367 -0.311853 0.189757 0.182024 -0.008224 -0.012999 0.032644 0.021840 -0.025130 0.018280 -0.079042
92.0 0.508498 0.191047 0.444435 -0.314499 0.188301 0.184815 -0.008858 -0.013193 0.031523 0.021253 -0.024494 0.018330 -0.079183
93.0 0.509279 0.191777 0.438099 -0.310256 0.186229 0.187635 -0.009505 -0.013383 0.030460 0.020535 -0.023966 0.018337 -0.078384
94.0 0.510117 0.192362 0.432229 -0.304928 0.184112 0.190414 -0.010163 -0.013559 0.029447 0.019728 -0.023505 0.018299 -0.081264
95.0 0.510989 0.192902 0.427302 -0.305157 0.182365 0.193085 -0.010821 -0.013717 0.028482 0.018917 -0.023046 0.018219 -0.082106
96.0 0.511891 0.193467 0.422799 -0.299936 0.180816 0.195634 -0.011473 -0.013847 0.027559 0.018159 -0.022566 0.018078 -0.083166
97.0 0.512809 0.194026 0.418398 -0.300611 0.179276 0.198024 -0.012101 -0.013930 0.026684 0.017454 -0.022106 0.017925 -0.084178
98.0 0.513740 0.194560 0.413919 -0.299012 0.177613 0.200250 -0.012694 -0.013961 0.025826 0.016823 -0.021685 0.017750 -0.083315
99.0 0.514701 0.195060 0.409465 -0.293908 0.175853 0.202319 -0.013234 -0.013942 0.024970 0.016283 -0.021336 0.017568 -0.085050
100.0 0.515682 0.195506 0.404662 -0.292228 0.173951 0.204259 -0.013717 -0.013889 0.024103 0.015796 -0.021044 0.017373 -0.086739
101.0 0.516701 0.195904 0.399592 -0.290266 0.172054 0.206097 -0.014158 -0.013813 0.023206 0.015359 -0.020787 0.017160 -0.086581
102.0 0.517733 0.196205 0.394172 -0.289114 0.170166 0.207825 -0.014577 -0.013741 0.022264 0.014974 -0.020540 0.016944 -0.086269
103.0 0.518789 0.196449 0.388555 -0.284997 0.168366 0.209456 -0.014985 -0.013657 0.021278 0.014630 -0.020273 0.016728 -0.086926
104.0 0.519874 0.196613 0.383122 -0.281339 0.166831 0.211015 -0.015396 -0.013558 0.020247 0.014300 -0.019996 0.016507 -0.088896
105.0 0.520988 0.196658 0.378095 -0.282355 0.165594 0.212520 -0.015817 -0.013455 0.019177 0.013972 -0.019739 0.016279 -0.088479
106.0 0.522135 0.196563 0.373314 -0.276974 0.164583 0.213994 -0.016262 -0.013358 0.018072 0.013648 -0.019531 0.016046 -0.089021
107.0 0.523315 0.196347 0.368787 -0.274277 0.163646 0.215447 -0.016740 -0.013263 0.016937 0.013329 -0.019363 0.015812 -0.091434
108.0 0.524512 0.196001 0.364107 -0.271268 0.162573 0.216846 -0.017253 -0.013169 0.015793 0.013042 -0.019258 0.015575 -0.092632
109.0 0.525715 0.195554 0.359316 -0.271082 0.161285 0.218183 -0.017801 -0.013074 0.014654 0.012774 -0.019183 0.015345 -0.092369
110.0 0.526910 0.194953 0.354351 -0.270963 0.159815 0.219452 -0.018392 -0.012994 0.013543 0.012516 -0.019172 0.015115 -0.090449
111.0 0.528099 0.194198 0.349093 -0.267567 0.158230 0.220642 -0.019022 -0.012909 0.012466 0.012231 -0.019210 0.014888 -0.089819
112.0 0.529291 0.193353 0.343779 -0.263255 0.156618 0.221775 -0.019693 -0.012799 0.011441 0.011871 -0.019242 0.014660 -0.091028
113.0 0.530445 0.192491 0.338714 -0.262832 0.155049 0.222853 -0.020400 -0.012661 0.010478 0.011497 -0.019276 0.014427 -0.091022
114.0 0.531551 0.191533 0.333940 -0.261092 0.153582 0.223840 -0.021132 -0.012484 0.009581 0.011067 -0.019339 0.014186 -0.089828
115.0 0.532614 0.190407 0.329201 -0.258869 0.152190 0.224688 -0.021875 -0.012249 0.008751 0.010533 -0.019442 0.013933 -0.089432
116.0 0.533619 0.189032 0.323893 -0.259821 0.150510 0.225317 -0.022601 -0.011965 0.007980 0.009892 -0.019591 0.013672 -0.087484
117.0 0.534587 0.187405 0.318634 -0.257187 0.148754 0.225660 -0.023293 -0.011644 0.007251 0.009221 -0.019790 0.013421 -0.085149
118.0 0.535496 0.185527 0.313490 -0.257040 0.147008 0.225674 -0.023932 -0.011301 0.006559 0.008555 -0.020027 0.013176 -0.083257
119.0 0.536342 0.183412 0.308192 -0.250562 0.145223 0.225424 -0.024539 -0.010981 0.005894 0.007910 -0.020296 0.012927 -0.083070
120.0 0.537147 0.181188 0.303196 -0.247819 0.143569 0.224920 -0.025117 -0.010664 0.005247 0.007337 -0.020534 0.012694 -0.083879
121.0 0.537880 0.178786 0.299070 -0.246294 0.142261 0.224161 -0.025689 -0.010408 0.004617 0.006858 -0.020754 0.012488 -0.082567
122.0 0.538541 0.176064 0.296115 -0.243761 0.141541 0.223166 -0.026248 -0.010198 0.004019 0.006391 -0.021066 0.012318 -0.081416
123.0 0.539177 0.172967 0.294018 -0.240468 0.141435 0.221926 -0.026780 -0.010003 0.003437 0.005867 -0.021480 0.012189 -0.081052
124.0 0.539795 0.169664 0.291575 -0.238835 0.141282 0.220424 -0.027282 -0.009808 0.002925 0.005320 -0.021915 0.012106 -0.080228
125.0 0.540389 0.166037 0.288184 -0.237863 0.140857 0.218701 -0.027762 -0.009601 0.002435 0.004746 -0.022483 0.012051 -0.077896
126.0 0.540947 0.162125 0.284926 -0.233287 0.140616 0.216741 -0.028221 -0.009403 0.001968 0.004217 -0.023176 0.012004 -0.076804
127.0 0.541467 0.158115 0.282499 -0.232122 0.140901 0.214585 -0.028667 -0.009223 0.001534 0.003827 -0.023941 0.011944 -0.075988
128.0 0.541928 0.153987 0.281432 -0.230946 0.141946 0.212198 -0.029087 -0.009042 0.001157 0.003578 -0.024816 0.011892 -0.074174
129.0 0.542313 0.149715 0.281434 -0.230618 0.143699 0.209596 -0.029509 -0.008893 0.000812 0.003478 -0.025769 0.011853 -0.072681
130.0 0.542670 0.145480 0.281750 -0.228340 0.145823 0.206848 -0.029954 -0.008769 0.000483 0.003568 -0.026696 0.011853 -0.071876
131.0 0.543020 0.141367 0.281589 -0.225836 0.147836 0.204023 -0.030442 -0.008684 0.000156 0.003868 -0.027554 0.011896 -0.072240
132.0 0.543348 0.137301 0.281477 -0.225794 0.149547 0.201148 -0.030975 -0.008641 -0.000190 0.004349 -0.028390 0.011981 -0.071528
133.0 0.543620 0.133131 0.283096 -0.224650 0.151480 0.198219 -0.031543 -0.008645 -0.000576 0.004973 -0.029297 0.012081 -0.070366
134.0 0.543867 0.128895 0.287228 -0.223042 0.154239 0.195243 -0.032136 -0.008702 -0.001027 0.005727 -0.030210 0.012171 -0.070176
135.0 0.544103 0.124636 0.292765 -0.223592 0.157627 0.192266 -0.032749 -0.008833 -0.001568 0.006608 -0.031089 0.012249 -0.069702
136.0 0.544324 0.120335 0.298672 -0.221322 0.161309 0.189310 -0.033368 -0.008997 -0.002218 0.007506 -0.031898 0.012329 -0.070016
137.0 0.544530 0.116009 0.305284 -0.221021 0.165386 0.186366 -0.033959 -0.009166 -0.002993 0.008379 -0.032618 0.012420 -0.071073
138.0 0.544765 0.111836 0.312992 -0.220757 0.169927 0.183484 -0.034503 -0.009314 -0.003888 0.009270 -0.033213 0.012507 -0.071274
139.0 0.545018 0.107879 0.321735 -0.223080 0.174745 0.180654 -0.034979 -0.009422 -0.004887 0.010195 -0.033682 0.012608 -0.070808
140.0 0.545326 0.104302 0.331197 -0.222416 0.179681 0.177922 -0.035369 -0.009471 -0.005961 0.011201 -0.034020 0.012752 -0.070774
141.0 0.545670 0.101190 0.340243 -0.221420 0.184144 0.175345 -0.035660 -0.009479 -0.007078 0.012296 -0.034234 0.012920 -0.072820
142.0 0.546055 0.098663 0.347824 -0.221773 0.187767 0.172983 -0.035835 -0.009444 -0.008213 0.013490 -0.034318 0.013085 -0.074208
143.0 0.546454 0.096796 0.353584 -0.224540 0.190253 0.170864 -0.035883 -0.009370 -0.009326 0.014745 -0.034234 0.013242 -0.073556
144.0 0.546889 0.095648 0.358271 -0.222611 0.191783 0.169009 -0.035803 -0.009274 -0.010361 0.016073 -0.033995 0.013408 -0.073515
145.0 0.547337 0.095105 0.361897 -0.224824 0.192420 0.167386 -0.035613 -0.009179 -0.011286 0.017414 -0.033617 0.013575 -0.073664
146.0 0.547762 0.095080 0.364243 -0.226775 0.192215 0.165993 -0.035330 -0.009087 -0.012077 0.018698 -0.033117 0.013709 -0.071852
147.0 0.548178 0.095562 0.365462 -0.227311 0.191263 0.164877 -0.034967 -0.009039 -0.012715 0.019929 -0.032523 0.013803 -0.070449
148.0 0.548551 0.096500 0.365470 -0.227950 0.189595 0.164070 -0.034539 -0.009008 -0.013210 0.021063 -0.031875 0.013845 -0.069670
149.0 0.548906 0.097868 0.364543 -0.227845 0.187364 0.163608 -0.034076 -0.008984 -0.013563 0.022084 -0.031201 0.013815 -0.068752
150.0 0.549258 0.099716 0.362643 -0.225218 0.184691 0.163563 -0.033594 -0.008955 -0.013778 0.023020 -0.030541 0.013732 -0.069246
151.0 0.549625 0.102032 0.359943 -0.223779 0.181772 0.163955 -0.033102 -0.008927 -0.013872 0.023917 -0.029939 0.013588 -0.070334
152.0 0.550004 0.104784 0.356684 -0.224868 0.178842 0.164811 -0.032620 -0.008901 -0.013868 0.024775 -0.029413 0.013360 -0.069829
153.0 0.550431 0.107928 0.353242 -0.224439 0.176196 0.166100 -0.032154 -0.008853 -0.013777 0.025552 -0.028939 0.013045 -0.069014
154.0 0.550956 0.111395 0.349721 -0.222701 0.173858 0.167763 -0.031715 -0.008763 -0.013623 0.026201 -0.028468 0.012611 -0.069743
155.0 0.551551 0.115107 0.345935 -0.221168 0.171830 0.169711 -0.031303 -0.008625 -0.013400 0.026704 -0.027980 0.012055 -0.071736
156.0 0.552233 0.118932 0.342043 -0.220372 0.170150 0.171841 -0.030915 -0.008471 -0.013118 0.027074 -0.027479 0.011394 -0.073509
157.0 0.553062 0.122725 0.338075 -0.216365 0.168816 0.174131 -0.030546 -0.008289 -0.012816 0.027246 -0.027001 0.010646 -0.076326
158.0 0.554009 0.126447 0.333969 -0.215609 0.167582 0.176562 -0.030197 -0.008091 -0.012509 0.027220 -0.026537 0.009891 -0.079488
159.0 0.555052 0.130113 0.329323 -0.216445 0.166019 0.179085 -0.029859 -0.007865 -0.012203 0.027034 -0.026079 0.009208 -0.080264
160.0 0.556141 0.133730 0.324004 -0.215418 0.163765 0.181671 -0.029524 -0.007582 -0.011885 0.026698 -0.025647 0.008632 -0.081091
161.0 0.557286 0.137321 0.318311 -0.215377 0.160901 0.184329 -0.029198 -0.007218 -0.011592 0.026222 -0.025222 0.008144 -0.081687
162.0 0.558479 0.140932 0.312254 -0.212955 0.157465 0.187058 -0.028882 -0.006740 -0.011322 0.025621 -0.024803 0.007728 -0.082536
163.0 0.559654 0.144552 0.305886 -0.210989 0.153531 0.189810 -0.028571 -0.006155 -0.011066 0.024906 -0.024372 0.007355 -0.084407
164.0 0.560820 0.148228 0.299682 -0.212155 0.149375 0.192568 -0.028255 -0.005458 -0.010794 0.024121 -0.023955 0.007001 -0.084122
165.0 0.561976 0.151959 0.293922 -0.212840 0.145198 0.195360 -0.027941 -0.004688 -0.010504 0.023285 -0.023554 0.006645 -0.082457
166.0 0.563159 0.155787 0.288836 -0.209101 0.141220 0.198255 -0.027648 -0.003881 -0.010195 0.022410 -0.023153 0.006273 -0.083108
167.0 0.564373 0.159686 0.284458 -0.208510 0.137554 0.201228 -0.027385 -0.003054 -0.009862 0.021506 -0.022747 0.005867 -0.084676
Heating 28.609075 71.171171 26.356822 77.477477 4 6.000000
48 46 43 60
0.0 0.000000 0.000000 0.000000 -0.000000 -0.000000 0.000000 0.000000 0.000000 0.000000 0.000000 0.000000 -0.000000 -4.562279
1.0 0.003166 0.002796 0.256318 -0.001046 0.149668 0.000950 -0.000199 0.000478 -0.000553 0.000948 0.001173 0.000185 -0.050476
2.0 0.008665 0.008976 0.301443 -0.003163 0.130893 0.002146 -0.000077 0.001854 -0.000093 0.002980 0.002166 0.000052 -0.100188
3.0 0.014118 0.015944 0.272676 -0.005459 0.127745 0.003468 0.000424 0.003246 0.000741 0.005134 0.002931 -0.000046 -0.093847
4.0 0.019800 0.020913 0.256009 -0.007170 0.133926 0.005562 0.000974 0.004221 0.000619 0.006747 0.002789 0.000131 -0.097536
5.0 0.026005 0.024783 0.262415 -0.009487 0.147947 0.008418 0.001381 0.005026 -0.000166 0.007718 0.002407 0.000435 -0.106093
6.0 0.033116 0.028180 0.294065 -0.013036 0.175897 0.011637 0.001659 0.006011 -0.001233 0.008344 0.001763 0.000755 -0.120853
7.0 0.041397 0.032412 0.334704 -0.017938 0.202964 0.015328 0.001752 0.007317 -0.002299 0.009214 0.001099 0.001248 -0.138993
8.0 0.050500 0.037415 0.371448 -0.023406 0.218828 0.019020 0.001869 0.008906 -0.003142 0.010315 0.000447 0.001730 -0.153800
9.0 0.060070 0.041838 0.413951 -0.029595 0.229734 0.022329 0.002181 0.010672 -0.003765 0.010609 -0.000189 0.002237 -0.162833
10.0 0.070023 0.046419 0.453678 -0.037464 0.244924 0.025085 0.002653 0.012699 -0.004265 0.011219 -0.000973 0.002749 -0.170796
11.0 0.080493 0.050912 0.491672 -0.046395 0.263948 0.027350 0.003231 0.015093 -0.004671 0.011980 -0.002071 0.003323 -0.180451
12.0 0.091550 0.055753 0.528321 -0.056578 0.284705 0.029350 0.003889 0.017800 -0.004963 0.013208 -0.003530 0.003972 -0.191360
13.0 0.103241 0.061044 0.565387 -0.068161 0.307504 0.031445 0.004614 0.020698 -0.005175 0.014716 -0.005254 0.004724 -0.202955
14.0 0.115567 0.067264 0.599436 -0.080189 0.329326 0.034067 0.005365 0.023624 -0.005390 0.016667 -0.007068 0.005544 -0.214925
15.0 0.128510 0.074523 0.631830 -0.092925 0.351383 0.037617 0.006063 0.026464 -0.005661 0.018812 -0.008771 0.006363 -0.227094
16.0 0.142176 0.083205 0.665052 -0.107363 0.376525 0.042443 0.006632 0.029147 -0.005996 0.021127 -0.010148 0.007192 -0.240128
17.0 0.156730 0.093587 0.699414 -0.120673 0.404336 0.048793 0.007050 0.031651 -0.006353 0.023587 -0.011141 0.008064 -0.256001
18.0 0.172273 0.105577 0.733753 -0.135592 0.432521 0.056796 0.007283 0.034037 -0.006679 0.025991 -0.011850 0.008959 -0.274050
19.0 0.188786 0.118424 0.762089 -0.149766 0.457754 0.066135 0.007366 0.036402 -0.006976 0.027640 -0.012143 0.009837 -0.291750
20.0 0.206119 0.131963 0.781732 -0.164876 0.478397 0.076191 0.007380 0.038701 -0.007228 0.029012 -0.012092 0.010661 -0.307533
21.0 0.224157 0.146405 0.800803 -0.178654 0.495892 0.086930 0.007338 0.040884 -0.007259 0.030868 -0.012355 0.011751 -0.321463
22.0 0.242818 0.161525 0.824721 -0.193888 0.511601 0.098457 0.007223 0.042905 -0.007065 0.033093 -0.013089 0.013443 -0.334751
23.0 0.262125 0.177269 0.853177 -0.208234 0.527373 0.110876 0.007034 0.044751 -0.006759 0.035502 -0.014135 0.015659 -0.347920
24.0 0.282094 0.193645 0.883961 -0.223554 0.543067 0.124154 0.006723 0.046486 -0.006456 0.037879 -0.015140 0.018177 -0.361947
25.0 0.302707 0.210494 0.913843 -0.241415 0.558306 0.138067 0.006251 0.048084 -0.006209 0.040172 -0.015871 0.020709 -0.374813
26.0 0.323917 0.227628 0.941266 -0.257900 0.573093 0.152475 0.005605 0.049485 -0.006051 0.042473 -0.016359 0.023013 -0.387278
27.0 0.345712 0.245026 0.967916 -0.274206 0.588350 0.167521 0.004761 0.050645 -0.005959 0.044872 -0.016815 0.025121 -0.400702
28.0 0.368130 0.262860 0.995077 -0.290876 0.604533 0.183452 0.003686 0.051560 -0.005905 0.047442 -0.017376 0.027166 -0.414646
29.0 0.391197 0.281209 1.022918 -0.309350 0.621642 0.200403 0.002393 0.052246 -0.005858 0.050139 -0.018113 0.029228 -0.428667
30.0 0.414921 0.300037 1.050729 -0.328086 0.639036 0.218378 0.000907 0.052730 -0.005811 0.052863 -0.019030 0.031306 -0.442723
31.0 0.439298 0.319136 1.077616 -0.349231 0.655751 0.237238 -0.000760 0.053014 -0.005774 0.055525 -0.020108 0.033345 -0.455624
32.0 0.464266 0.338175 1.062195 -0.366962 0.670968 0.256713 -0.002599 0.053104 -0.005750 0.058080 -0.021372 0.035333 -0.468517
33.0 0.482492 0.337511 0.568525 -0.363417 0.371403 0.257049 -0.001961 0.048752 -0.011294 0.075478 -0.030514 0.013061 -0.372230
34.0 0.486614 0.305017 0.262777 -0.349238 0.036899 0.257671 -0.006444 0.047311 -0.013149 0.059455 -0.039827 0.001902 -0.143588
35.0 0.480596 0.288026 0.147697 -0.339783 -0.096167 0.260521 -0.009870 0.046480 -0.010270 0.037016 -0.035851 0.010871 0.023088
36.0 0.472127 0.287366 0.140083 -0.332467 -0.102766 0.262076 -0.011556 0.046435 -0.006155 0.025693 -0.029128 0.018986 0.065213
37.0 0.465410 0.294874 0.188564 -0.329846 -0.050825 0.262927 -0.012650 0.045533 -0.002899 0.025687 -0.023723 0.025365 0.040923
38.0 0.461703 0.302571 0.245135 -0.330988 0.008166 0.263424 -0.013644 0.043311 -0.000604 0.031324 -0.021240 0.029087 -0.003855
39.0 0.460418 0.301778 0.279800 -0.331121 0.053075 0.263256 -0.014239 0.040188 0.000353 0.034888 -0.022667 0.028770 -0.040950
40.0 0.460568 0.294854 0.303076 -0.333425 0.091889 0.264963 -0.015152 0.036570 0.000329 0.032707 -0.024564 0.027645 -0.065534
41.0 0.462046 0.290895 0.319888 -0.332243 0.125502 0.268991 -0.016191 0.032963 0.000108 0.031463 -0.026438 0.026468 -0.083970
42.0 0.464557 0.288507 0.331087 -0.327809 0.146814 0.274583 -0.017369 0.029509 -0.000136 0.029121 -0.027201 0.025964 -0.101958
43.0 0.467756 0.288045 0.337950 -0.327857 0.158364 0.280488 -0.018780 0.026264 -0.000352 0.027630 -0.027204 0.026035 -0.113445
44.0 0.471340 0.287537 0.343575 -0.329309 0.163089 0.285433 -0.020263 0.023316 -0.000402 0.026067 -0.026615 0.026510 -0.117532
45.0 0.475106 0.286012 0.349817 -0.328951 0.164379 0.288369 -0.021562 0.020689 -0.000181 0.024383 -0.025687 0.027118 -0.118065
46.0 0.478832 0.283287 0.353854 -0.331881 0.162329 0.288809 -0.022414 0.018320 0.000304 0.022996 -0.024728 0.027931 -0.115304
47.0 0.482405 0.278973 0.357071 -0.329973 0.158908 0.286828 -0.022701 0.016176 0.001025 0.021658 -0.024013 0.029106 -0.110753
48.0 0.485734 0.272643 0.360133 -0.327848 0.155154 0.282618 -0.022439 0.014264 0.001945 0.019834 -0.023578 0.030599 -0.107151
49.0 0.488723 0.265460 0.362848 -0.330370 0.150859 0.276477 -0.021669 0.012547 0.003017 0.018623 -0.023535 0.032173 -0.100426
50.0 0.491368 0.258353 0.368435 -0.326812 0.147319 0.268992 -0.020499 0.010827 0.004159 0.018829 -0.023954 0.033831 -0.094243
51.0 0.493794 0.252201 0.379093 -0.327716 0.147607 0.261045 -0.019021 0.008925 0.005367 0.020701 -0.024817 0.035898 -0.090930
52.0 0.496197 0.246323 0.394101 -0.324413 0.151195 0.253390 -0.017401 0.006896 0.006646 0.022733 -0.025943 0.038476 -0.090561
53.0 0.498700 0.240134 0.409553 -0.329031 0.159470 0.246334 -0.015809 0.004902 0.007868 0.024067 -0.027228 0.041094 -0.091606
54.0 0.501421 0.234238 0.423553 -0.326854 0.170217 0.239586 -0.014223 0.003081 0.009032 0.025278 -0.028516 0.043111 -0.094422
55.0 0.504362 0.229125 0.435761 -0.330863 0.181069 0.232953 -0.012612 0.001413 0.010215 0.026851 -0.029695 0.044517 -0.098750
56.0 0.507544 0.224961 0.446093 -0.327766 0.190419 0.226685 -0.010955 -0.000156 0.011460 0.028684 -0.030758 0.045457 -0.103001
57.0 0.510872 0.221685 0.454414 -0.331005 0.196798 0.221058 -0.009252 -0.001616 0.012839 0.030494 -0.031838 0.046122 -0.106709
58.0 0.514256 0.219049 0.461066 -0.330760 0.200292 0.216054 -0.007527 -0.002920 0.014379 0.032136 -0.033072 0.046632 -0.107336
59.0 0.517601 0.216698 0.466328 -0.333591 0.202220 0.211363 -0.005790 -0.004087 0.016046 0.033653 -0.034487 0.046895 -0.106960
60.0 0.520811 0.214277 0.469977 -0.335290 0.202850 0.206645 -0.004057 -0.005176 0.017782 0.035112 -0.036028 0.046734 -0.104715
61.0 0.523813 0.211622 0.472383 -0.339980 0.202365 0.201730 -0.002386 -0.006246 0.019501 0.036674 -0.037651 0.046087 -0.100314
62.0 0.526558 0.208669 0.473719 -0.340177 0.200978 0.196647 -0.000828 -0.007361 0.021174 0.038336 -0.039300 0.045054 -0.095352
63.0 0.529007 0.205362 0.474460 -0.338510 0.199424 0.191504 0.000591 -0.008588 0.022791 0.040023 -0.040959 0.043707 -0.092658
64.0 0.531162 0.201689 0.474673 -0.342826 0.198266 0.186458 0.001854 -0.009998 0.024344 0.041635 -0.042605 0.042083 -0.087363
65.0 0.533042 0.197787 0.474445 -0.340647 0.197876 0.181695 0.002964 -0.011606 0.025815 0.043113 -0.044193 0.040198 -0.082172
66.0 0.534696 0.193820 0.473947 -0.338263 0.198358 0.177419 0.003891 -0.013395 0.027169 0.044416 -0.045679 0.038071 -0.080366
67.0 0.536177 0.190057 0.473654 -0.335133 0.199373 0.173836 0.004596 -0.015306 0.028390 0.045509 -0.046967 0.035735 -0.079161
68.0 0.537509 0.186649 0.473802 -0.333455 0.200640 0.171105 0.005048 -0.017295 0.029464 0.046372 -0.048046 0.033240 -0.077895
69.0 0.538672 0.183750 0.474478 -0.332654 0.201594 0.169272 0.005235 -0.019304 0.030356 0.047078 -0.048888 0.030623 -0.075891
70.0 0.539669 0.181456 0.475993 -0.332862 0.202191 0.168374 0.005167 -0.021294 0.031071 0.047630 -0.049492 0.027947 -0.073050
71.0 0.540493 0.179708 0.478546 -0.336073 0.202458 0.168340 0.004884 -0.023251 0.031644 0.047933 -0.049842 0.025290 -0.068463
72.0 0.541183 0.178402 0.481548 -0.338963 0.202310 0.169080 0.004455 -0.025145 0.032065 0.047894 -0.049947 0.022706 -0.062397
73.0 0.541752 0.177442 0.484532 -0.331824 0.201819 0.170500 0.003923 -0.026972 0.032314 0.047496 -0.049818 0.020192 -0.061493
74.0 0.542152 0.176797 0.487073 -0.333548 0.201247 0.172473 0.003310 -0.028743 0.032376 0.046834 -0.049453 0.017763 -0.061745
75.0 0.542424 0.176505 0.489170 -0.332182 0.200811 0.174910 0.002619 -0.030415 0.032248 0.045980 -0.048837 0.015451 -0.059241
76.0 0.542584 0.176535 0.490604 -0.331382 0.200605 0.177721 0.001858 -0.031940 0.031935 0.044982 -0.048021 0.013314 -0.058555
77.0 0.542649 0.176901 0.490810 -0.330011 0.200391 0.180793 0.001033 -0.033270 0.031445 0.043975 -0.047077 0.011384 -0.058348
78.0 0.542620 0.177525 0.489018 -0.333266 0.199816 0.184041 0.000150 -0.034375 0.030796 0.042900 -0.045987 0.009670 -0.056438
79.0 0.542489 0.178319 0.484914 -0.331976 0.198606 0.187375 -0.000768 -0.035276 0.030003 0.041718 -0.044733 0.008203 -0.054496
80.0 0.542306 0.179346 0.479629 -0.332438 0.197291 0.190799 -0.001709 -0.035962 0.029096 0.040473 -0.043351 0.006970 -0.053623
81.0 0.542153 0.180559 0.474004 -0.328628 0.196380 0.194288 -0.002679 -0.036422 0.028093 0.039191 -0.041913 0.005946 -0.053934
82.0 0.542041 0.181797 0.467983 -0.327296 0.195900 0.197775 -0.003676 -0.036676 0.027008 0.037870 -0.040504 0.005109 -0.055778
83.0 0.542022 0.182947 0.461601 -0.328046 0.195819 0.201290 -0.004716 -0.036730 0.025853 0.036418 -0.039168 0.004450 -0.055496
84.0 0.542125 0.183901 0.454746 -0.322385 0.196054 0.204824 -0.005807 -0.036594 0.024647 0.034774 -0.037942 0.003958 -0.057528
85.0 0.542352 0.184673 0.447711 -0.318144 0.196504 0.208355 -0.006953 -0.036297 0.023413 0.032973 -0.036818 0.003655 -0.062291
86.0 0.542739 0.185397 0.440899 -0.317720 0.197161 0.211860 -0.008157 -0.035832 0.022159 0.031125 -0.035758 0.003532 -0.064430
87.0 0.543332 0.186256 0.434816 -0.312857 0.197936 0.215356 -0.009427 -0.035200 0.020889 0.029364 -0.034727 0.003572 -0.066895
88.0 0.544131 0.187299 0.429711 -0.310236 0.198775 0.218812 -0.010762 -0.034418 0.019610 0.027746 -0.033689 0.003748 -0.070853
89.0 0.545146 0.188536 0.425590 -0.304765 0.199544 0.222156 -0.012156 -0.033495 0.018326 0.026320 -0.032615 0.004030 -0.075347
90.0 0.546334 0.189842 0.422098 -0.306290 0.200091 0.225297 -0.013599 -0.032460 0.017052 0.025089 -0.031537 0.004416 -0.078202
91.0 0.547696 0.191129 0.418730 -0.303963 0.200317 0.228202 -0.015070 -0.031319 0.015800 0.023996 -0.030479 0.004882 -0.079317
92.0 0.549226 0.192365 0.415317 -0.301372 0.200205 0.230863 -0.016543 -0.030069 0.014583 0.022997 -0.029466 0.005400 -0.082241
93.0 0.550917 0.193522 0.411886 -0.296367 0.199769 0.233268 -0.017994 -0.028721 0.013422 0.022078 -0.028531 0.005961 -0.086208
94.0 0.552783 0.194590 0.408623 -0.293841 0.199053 0.235420 -0.019407 -0.027272 0.012310 0.021227 -0.027688 0.006564 -0.089700
95.0 0.554781 0.195522 0.405281 -0.293271 0.198017 0.237298 -0.020771 -0.025769 0.011221 0.020512 -0.026969 0.007210 -0.090940
96.0 0.556891 0.196314 0.401230 -0.288453 0.196667 0.238895 -0.022085 -0.024224 0.010125 0.019971 -0.026366 0.007870 -0.093055
97.0 0.559057 0.196835 0.396297 -0.289144 0.195089 0.240187 -0.023362 -0.022699 0.008990 0.019595 -0.025878 0.008535 -0.094528
98.0 0.561303 0.197087 0.390907 -0.288583 0.193460 0.241216 -0.024624 -0.021178 0.007782 0.019366 -0.025474 0.009208 -0.093275
99.0 0.563622 0.197014 0.385622 -0.284181 0.192021 0.242007 -0.025905 -0.019684 0.006464 0.019254 -0.025123 0.009862 -0.094397
100.0 0.566009 0.196569 0.381031 -0.281291 0.190933 0.242596 -0.027220 -0.018213 0.005016 0.019207 -0.024817 0.010467 -0.096601
101.0 0.568448 0.195699 0.377247 -0.280235 0.190228 0.243029 -0.028584 -0.016784 0.003420 0.019163 -0.024545 0.011001 -0.097170
102.0 0.570914 0.194410 0.374169 -0.279224 0.189913 0.243363 -0.029997 -0.015412 0.001661 0.019078 -0.024283 0.011452 -0.096899
103.0 0.573397 0.192767 0.371648 -0.277852 0.189910 0.243664 -0.031446 -0.014122 -0.000250 0.018936 -0.024014 0.011827 -0.096737
104.0 0.575881 0.190861 0.369743 -0.275113 0.190127 0.243999 -0.032906 -0.012937 -0.002294 0.018733 -0.023735 0.012121 -0.097452
105.0 0.578363 0.188780 0.368723 -0.275962 0.190627 0.244452 -0.034348 -0.011855 -0.004435 0.018434 -0.023469 0.012338 -0.097033
106.0 0.580867 0.186643 0.368767 -0.271508 0.191471 0.245110 -0.035741 -0.010874 -0.006626 0.018015 -0.023241 0.012538 -0.097429
107.0 0.583388 0.184555 0.370022 -0.270313 0.192694 0.246044 -0.037059 -0.010017 -0.008824 0.017479 -0.023068 0.012746 -0.099244
108.0 0.585931 0.182630 0.372077 -0.269522 0.194175 0.247273 -0.038279 -0.009267 -0.010993 0.016856 -0.022961 0.012945 -0.099608
109.0 0.588470 0.180900 0.373377 -0.269083 0.195656 0.248801 -0.039405 -0.008633 -0.013092 0.016162 -0.022933 0.013014 -0.100045
110.0 0.590983 0.179422 0.373265 -0.269097 0.197021 0.250618 -0.040447 -0.008099 -0.015086 0.015420 -0.022984 0.012905 -0.100273
111.0 0.593475 0.178286 0.372257 -0.270585 0.198215 0.252745 -0.041441 -0.007643 -0.016943 0.014648 -0.023080 0.012668 -0.099482
112.0 0.595960 0.177561 0.370499 -0.267666 0.199175 0.255202 -0.042419 -0.007227 -0.018645 0.013870 -0.023221 0.012348 -0.100114
113.0 0.598433 0.177210 0.368633 -0.267885 0.199801 0.257915 -0.043407 -0.006823 -0.020173 0.013119 -0.023420 0.012069 -0.101523
114.0 0.600918 0.177288 0.367476 -0.269327 0.200268 0.260865 -0.044437 -0.006397 -0.021509 0.012427 -0.023661 0.011868 -0.100768
115.0 0.603426 0.177789 0.367846 -0.269684 0.200721 0.263998 -0.045529 -0.005927 -0.022654 0.011819 -0.023918 0.011802 -0.100302
116.0 0.605951 0.178672 0.369521 -0.267738 0.201232 0.267229 -0.046684 -0.005401 -0.023612 0.011309 -0.024170 0.011848 -0.102119
117.0 0.608490 0.179861 0.372093 -0.270702 0.201930 0.270487 -0.047905 -0.004839 -0.024396 0.010908 -0.024394 0.011943 -0.103206
118.0 0.611068 0.181257 0.374793 -0.270405 0.202675 0.273699 -0.049181 -0.004249 -0.025023 0.010576 -0.024564 0.012073 -0.103691
119.0 0.613737 0.182831 0.377322 -0.266192 0.203437 0.276834 -0.050497 -0.003621 -0.025508 0.010286 -0.024663 0.012229 -0.107606
120.0 0.616491 0.184386 0.379424 -0.270779 0.204065 0.279817 -0.051829 -0.002985 -0.025871 0.009983 -0.024729 0.012394 -0.109154
121.0 0.619386 0.185919 0.381251 -0.268592 0.204565 0.282663 -0.053162 -0.002353 -0.026123 0.009690 -0.024797 0.012561 -0.109096
122.0 0.622392 0.187376 0.382632 -0.268949 0.205020 0.285281 -0.054441 -0.001711 -0.026292 0.009419 -0.024880 0.012714 -0.111260
123.0 0.625504 0.188743 0.383670 -0.268940 0.205533 0.287659 -0.055650 -0.001112 -0.026401 0.009242 -0.024995 0.012846 -0.112276
124.0 0.628714 0.189971 0.383940 -0.269649 0.205759 0.289828 -0.056787 -0.000595 -0.026477 0.009158 -0.025157 0.012971 -0.112933
125.0 0.631984 0.190981 0.383131 -0.268080 0.205531 0.291778 -0.057835 -0.000174 -0.026551 0.009143 -0.025380 0.013073 -0.114124
126.0 0.635306 0.191832 0.382581 -0.268313 0.205268 0.293505 -0.058779 0.000162 -0.026639 0.009212 -0.025630 0.013156 -0.115145
127.0 0.638713 0.192673 0.383581 -0.264548 0.205433 0.295116 -0.059634 0.000412 -0.026738 0.009353 -0.025836 0.013219 -0.117102
128.0 0.642194 0.193540 0.385298 -0.265115 0.205870 0.296637 -0.060408 0.000561 -0.026852 0.009571 -0.025968 0.013209 -0.119298
129.0 0.645747 0.194398 0.386373 -0.263197 0.206151 0.298101 -0.061108 0.000599 -0.026991 0.009823 -0.026026 0.013093 -0.120552
130.0 0.649336 0.195183 0.386158 -0.263167 0.206122 0.299505 -0.061740 0.000526 -0.027160 0.010082 -0.026031 0.012877 -0.122017
131.0 0.652943 0.195850 0.384864 -0.263291 0.205886 0.300857 -0.062303 0.000368 -0.027358 0.010335 -0.026049 0.012596 -0.122167
132.0 0.656542 0.196376 0.382398 -0.262411 0.205364 0.302126 -0.062803 0.000115 -0.027590 0.010623 -0.026095 0.012280 -0.122540
133.0 0.660115 0.196814 0.379052 -0.264663 0.204622 0.303325 -0.063254 -0.000221 -0.027848 0.010971 -0.026159 0.011985 -0.121599
134.0 0.663680 0.197239 0.375150 -0.263448 0.203524 0.304474 -0.063662 -0.000641 -0.028122 0.011375 -0.026186 0.011761 -0.120397
135.0 0.667249 0.197760 0.371203 -0.261711 0.202055 0.305609 -0.064034 -0.001120 -0.028392 0.011857 -0.026160 0.011622 -0.120844
136.0 0.670795 0.198407 0.367470 -0.260568 0.200256 0.306717 -0.064372 -0.001595 -0.028652 0.012395 -0.026086 0.011537 -0.121314
137.0 0.674300 0.199169 0.364190 -0.260714 0.198221 0.307766 -0.064670 -0.002028 -0.028884 0.012935 -0.025950 0.011473 -0.120854
138.0 0.677746 0.200027 0.361360 -0.260100 0.196100 0.308745 -0.064909 -0.002417 -0.029077 0.013464 -0.025780 0.011416 -0.120225
139.0 0.681122 0.201003 0.358806 -0.260908 0.193958 0.309642 -0.065070 -0.002755 -0.029205 0.013971 -0.025581 0.011349 -0.119413
140.0 0.684432 0.202138 0.356301 -0.262128 0.191870 0.310499 -0.065137 -0.003039 -0.029244 0.014427 -0.025368 0.011234 -0.117778
141.0 0.687712 0.203466 0.353972 -0.261791 0.190018 0.311355 -0.065106 -0.003280 -0.029175 0.014820 -0.025148 0.011064 -0.116700
142.0 0.690973 0.205003 0.352059 -0.261895 0.188550 0.312247 -0.064983 -0.003503 -0.028999 0.015136 -0.024897 0.010845 -0.116541
143.0 0.694241 0.206726 0.350581 -0.259462 0.187466 0.313179 -0.064766 -0.003711 -0.028723 0.015382 -0.024636 0.010583 -0.117763
144.0 0.697537 0.208616 0.349353 -0.259085 0.186625 0.314161 -0.064477 -0.003927 -0.028361 0.015576 -0.024356 0.010289 -0.119513
145.0 0.700844 0.210599 0.348077 -0.259435 0.185813 0.315193 -0.064135 -0.004164 -0.027935 0.015724 -0.024084 0.009968 -0.120233
146.0 0.704151 0.212572 0.346462 -0.260504 0.184874 0.316263 -0.063765 -0.004418 -0.027466 0.015798 -0.023840 0.009614 -0.120296
147.0 0.707448 0.214454 0.344164 -0.261173 0.183631 0.317376 -0.063389 -0.004684 -0.026965 0.015759 -0.023642 0.009227 -0.119969
148.0 0.710736 0.216205 0.340923 -0.257426 0.181901 0.318519 -0.063019 -0.004954 -0.026440 0.015601 -0.023503 0.008785 -0.121504
149.0 0.713982 0.217791 0.336832 -0.258402 0.179652 0.319659 -0.062659 -0.005212 -0.025904 0.015319 -0.023412 0.008287 -0.122427
150.0 0.717180 0.219177 0.331847 -0.257254 0.176930 0.320780 -0.062304 -0.005461 -0.025348 0.014888 -0.023378 0.007734 -0.121375
151.0 0.720330 0.220360 0.326074 -0.256415 0.173872 0.321895 -0.061953 -0.005699 -0.024769 0.014290 -0.023404 0.007151 -0.120577
152.0 0.723406 0.221311 0.319739 -0.254954 0.170668 0.322983 -0.061606 -0.005939 -0.024163 0.013515 -0.023479 0.006530 -0.119649
153.0 0.726431 0.222064 0.313047 -0.251897 0.167508 0.324039 -0.061261 -0.006198 -0.023526 0.012592 -0.023583 0.005907 -0.119373
154.0 0.729400 0.222664 0.306335 -0.251069 0.164544 0.325043 -0.060921 -0.006484 -0.022847 0.011543 -0.023670 0.005294 -0.118751
155.0 0.732314 0.223128 0.299829 -0.249812 0.161795 0.325975 -0.060595 -0.006798 -0.022124 0.010400 -0.023730 0.004705 -0.117314
156.0 0.735160 0.223459 0.293604 -0.249381 0.159244 0.326814 -0.060287 -0.007150 -0.021355 0.009210 -0.023774 0.004153 -0.115882
157.0 0.737947 0.223676 0.287518 -0.246308 0.156749 0.327539 -0.059995 -0.007549 -0.020539 0.008041 -0.023821 0.003656 -0.115321
158.0 0.740688 0.223800 0.280558 -0.243797 0.153700 0.328141 -0.059725 -0.007987 -0.019687 0.006932 -0.023874 0.003222 -0.115425
159.0 0.743359 0.223807 0.272097 -0.240797 0.149392 0.328587 -0.059471 -0.008458 -0.018815 0.005886 -0.023921 0.002748 -0.114673
160.0 0.745922 0.223589 0.264565 -0.239060 0.144571 0.328862 -0.059230 -0.008959 -0.017932 0.004875 -0.024027 0.002240 -0.112734
161.0 0.748382 0.223085 0.259797 -0.238722 0.140320 0.328934 -0.058997 -0.009476 -0.017046 0.003885 -0.024213 0.001724 -0.109195
162.0 0.750720 0.222299 0.256810 -0.236348 0.136703 0.328783 -0.058775 -0.010006 -0.016180 0.002918 -0.024441 0.001216 -0.106438
163.0 0.752937 0.221277 0.254235 -0.233449 0.133452 0.328387 -0.058548 -0.010543 -0.015351 0.002009 -0.024677 0.000730 -0.105201
164.0 0.755048 0.220038 0.251378 -0.230576 0.130452 0.327712 -0.058307 -0.011085 -0.014564 0.001183 -0.024902 0.000276 -0.104215
165.0 0.757043 0.218529 0.247918 -0.228294 0.127659 0.326725 -0.058037 -0.011655 -0.013825 0.000444 -0.025122 -0.000168 -0.103001
166.0 0.758898 0.216695 0.244083 -0.227665 0.125178 0.325416 -0.057730 -0.012273 -0.013142 -0.000228 -0.025349 -0.000629 -0.100808
167.0 0.760601 0.214506 0.240613 -0.226117 0.123215 0.323764 -0.057374 -0.012955 -0.012515 -0.000826 -0.025589 -0.001107 -0.098415
